fare_id,route_id,origin_id,destination_id,contains_id
384007,,76993,76984,
384008,,76993,76983,
384009,,76993,77013,
384010,,76993,76982,
384011,,76993,76981,
384012,,76993,76980,
384013,,76993,76979,
384014,,76993,76978,
384015,,76993,76977,
384016,,76993,76994,
384017,,76993,76995,
384018,,76993,76996,
384019,,76993,76997,
384020,,76993,76998,
384021,,76993,76999,
384022,,76993,77000,
384023,,76993,77001,
384024,,76993,77002,
384025,,76993,77003,
384026,,76993,76987,
384027,,76993,77010,
384028,,76993,77011,
384029,,76993,77012,
384030,,76993,76985,
384031,,76993,76986,
384032,,76984,77014,
384033,,76984,77015,
384034,,76984,77017,
384035,,76984,77016,
384036,,76984,76992,
384037,,76984,77009,
384038,,76984,77008,
384039,,76984,77007,
384040,,76984,77006,
384041,,76984,77005,
384042,,76984,77004,
384043,,76984,76990,
384044,,76984,76989,
384045,,76984,76988,
384046,,76984,76968,
384047,,76984,76969,
384048,,76984,76970,
384049,,76984,76971,
384050,,76984,76972,
384051,,76984,76973,
384052,,76984,76974,
384053,,76984,76975,
384054,,76984,76976,
384055,,76984,76991,
384056,,76984,76993,
384057,,76984,76984,
384058,,76984,76983,
384059,,76984,77013,
384060,,76984,76982,
384061,,76984,76981,
384062,,76984,76980,
384063,,76984,76979,
384064,,76984,76978,
384065,,76984,76977,
384066,,76984,76994,
384067,,76984,76995,
384068,,76984,76996,
384069,,76984,76997,
384070,,76984,76998,
384071,,76984,76999,
384072,,76984,77000,
384073,,76984,77001,
384074,,76984,77002,
384075,,76984,77003,
384076,,76984,76987,
384077,,76984,77010,
384078,,76984,77011,
384079,,76984,77012,
384080,,76984,76985,
384081,,76984,76986,
384082,,76983,77014,
384083,,76983,77015,
384084,,76983,77017,
384085,,76983,77016,
384086,,76983,76992,
384087,,76983,77009,
384088,,76983,77008,
384089,,76983,77007,
384090,,76983,77006,
384091,,76983,77005,
384092,,76983,77004,
384093,,76983,76990,
384094,,76983,76989,
384095,,76983,76988,
384096,,76983,76968,
384097,,76983,76969,
384098,,76983,76970,
384099,,76983,76971,
384100,,76983,76972,
384101,,76983,76973,
384102,,76983,76974,
384103,,76983,76975,
384104,,76983,76976,
384105,,76983,76991,
384106,,76983,76993,
384107,,76983,76984,
384108,,76983,76983,
384109,,76983,77013,
384110,,76983,76982,
384111,,76983,76981,
384112,,76983,76980,
384113,,76983,76979,
384114,,76983,76978,
384115,,76983,76977,
384116,,76983,76994,
384117,,76983,76995,
384118,,76983,76996,
384119,,76983,76997,
384120,,76983,76998,
384121,,76983,76999,
384122,,76983,77000,
384123,,76983,77001,
384124,,76983,77002,
384125,,76983,77003,
384126,,76983,76987,
384127,,76983,77010,
384128,,76983,77011,
384129,,76983,77012,
384130,,76983,76985,
384131,,76983,76986,
384132,,77013,77014,
384133,,77013,77015,
384134,,77013,77017,
384135,,77013,77016,
384136,,77013,76992,
384137,,77013,77009,
384138,,77013,77008,
384139,,77013,77007,
384140,,77013,77006,
384141,,77013,77005,
384142,,77013,77004,
384143,,77013,76990,
384144,,77013,76989,
384145,,77013,76988,
384146,,77013,76968,
384147,,77013,76969,
384148,,77013,76970,
384149,,77013,76971,
384150,,77013,76972,
384151,,77013,76973,
384152,,77013,76974,
384153,,77013,76975,
384154,,77013,76976,
384155,,77013,76991,
384156,,77013,76993,
384157,,77013,76984,
384158,,77013,76983,
384159,,77013,77013,
384160,,77013,76982,
384161,,77013,76981,
384162,,77013,76980,
384163,,77013,76979,
384164,,77013,76978,
384165,,77013,76977,
384166,,77013,76994,
384167,,77013,76995,
384168,,77013,76996,
384169,,77013,76997,
384170,,77013,76998,
384171,,77013,76999,
384172,,77013,77000,
384173,,77013,77001,
384174,,77013,77002,
384175,,77013,77003,
384176,,77013,76987,
384177,,77013,77010,
384178,,77013,77011,
384179,,77013,77012,
384180,,77013,76985,
384181,,77013,76986,
384182,,76982,77014,
384183,,76982,77015,
384184,,76982,77017,
384185,,76982,77016,
384186,,76982,76992,
384187,,76982,77009,
384188,,76982,77008,
384189,,76982,77007,
384190,,76982,77006,
384191,,76982,77005,
384192,,76982,77004,
384193,,76982,76990,
384194,,76982,76989,
384195,,76982,76988,
384196,,76982,76968,
384197,,76982,76969,
384198,,76982,76970,
384199,,76982,76971,
384200,,76982,76972,
384201,,76982,76973,
384202,,76982,76974,
384203,,76982,76975,
384204,,76982,76976,
384205,,76982,76991,
384206,,76982,76993,
384207,,76982,76984,
384208,,76982,76983,
384209,,76982,77013,
384210,,76982,76982,
384211,,76982,76981,
384212,,76982,76980,
384213,,76982,76979,
384214,,76982,76978,
384215,,76982,76977,
384216,,76982,76994,
384217,,76982,76995,
384218,,76982,76996,
384219,,76982,76997,
384220,,76982,76998,
384221,,76982,76999,
384222,,76982,77000,
384223,,76982,77001,
384224,,76982,77002,
384225,,76982,77003,
384226,,76982,76987,
384227,,76982,77010,
384228,,76982,77011,
384229,,76982,77012,
384230,,76982,76985,
384231,,76982,76986,
384232,,76981,77014,
384233,,76981,77015,
384234,,76981,77017,
384235,,76981,77016,
384236,,76981,76992,
384237,,76981,77009,
384238,,76981,77008,
384239,,76981,77007,
384240,,76981,77006,
384241,,76981,77005,
384242,,76981,77004,
384243,,76981,76990,
384244,,76981,76989,
384245,,76981,76988,
384246,,76981,76968,
384247,,76981,76969,
384248,,76981,76970,
384249,,76981,76971,
384250,,76981,76972,
384251,,76981,76973,
384252,,76981,76974,
384253,,76981,76975,
384254,,76981,76976,
384255,,76981,76991,
384256,,76981,76993,
384257,,76981,76984,
384258,,76981,76983,
384259,,76981,77013,
384260,,76981,76982,
384261,,76981,76981,
384262,,76981,76980,
384263,,76981,76979,
384264,,76981,76978,
384265,,76981,76977,
384266,,76981,76994,
384267,,76981,76995,
384268,,76981,76996,
384269,,76981,76997,
384270,,76981,76998,
384271,,76981,76999,
384272,,76981,77000,
384273,,76981,77001,
384274,,76981,77002,
384275,,76981,77003,
384276,,76981,76987,
384277,,76981,77010,
384278,,76981,77011,
384279,,76981,77012,
384280,,76981,76985,
384281,,76981,76986,
384282,,76980,77014,
384283,,76980,77015,
384284,,76980,77017,
384285,,76980,77016,
384286,,76980,76992,
384287,,76980,77009,
384288,,76980,77008,
384289,,76980,77007,
384290,,76980,77006,
384291,,76980,77005,
384292,,76980,77004,
384293,,76980,76990,
384294,,76980,76989,
384295,,76980,76988,
384296,,76980,76968,
384297,,76980,76969,
384298,,76980,76970,
384299,,76980,76971,
384300,,76980,76972,
384301,,76980,76973,
384302,,76980,76974,
384303,,76980,76975,
384304,,76980,76976,
384305,,76980,76991,
384306,,76980,76993,
384307,,76980,76984,
384308,,76980,76983,
384309,,76980,77013,
384310,,76980,76982,
384311,,76980,76981,
384312,,76980,76980,
384313,,76980,76979,
384314,,76980,76978,
384315,,76980,76977,
384316,,76980,76994,
384317,,76980,76995,
384318,,76980,76996,
384319,,76980,76997,
384320,,76980,76998,
384321,,76980,76999,
384322,,76980,77000,
384323,,76980,77001,
384324,,76980,77002,
384325,,76980,77003,
384326,,76980,76987,
384327,,76980,77010,
384328,,76980,77011,
384329,,76980,77012,
384330,,76980,76985,
384331,,76980,76986,
384332,,76979,77014,
384333,,76979,77015,
384334,,76979,77017,
384335,,76979,77016,
384336,,76979,76992,
384337,,76979,77009,
384338,,76979,77008,
384339,,76979,77007,
384340,,76979,77006,
384341,,76979,77005,
384342,,76979,77004,
384343,,76979,76990,
384344,,76979,76989,
384345,,76979,76988,
384346,,76979,76968,
384347,,76979,76969,
384348,,76979,76970,
384349,,76979,76971,
384350,,76979,76972,
384351,,76979,76973,
384352,,76979,76974,
384353,,76979,76975,
384354,,76979,76976,
384355,,76979,76991,
384356,,76979,76993,
384357,,76979,76984,
384358,,76979,76983,
384359,,76979,77013,
384360,,76979,76982,
384361,,76979,76981,
384362,,76979,76980,
384363,,76979,76979,
384364,,76979,76978,
384365,,76979,76977,
384366,,76979,76994,
384367,,76979,76995,
384368,,76979,76996,
384369,,76979,76997,
384370,,76979,76998,
384371,,76979,76999,
384372,,76979,77000,
384373,,76979,77001,
384374,,76979,77002,
384375,,76979,77003,
384376,,76979,76987,
384377,,76979,77010,
384378,,76979,77011,
384379,,76979,77012,
384380,,76979,76985,
384381,,76979,76986,
384382,,76978,77014,
384383,,76978,77015,
384384,,76978,77017,
384385,,76978,77016,
384386,,76978,76992,
384387,,76978,77009,
384388,,76978,77008,
384389,,76978,77007,
384390,,76978,77006,
384391,,76978,77005,
384392,,76978,77004,
384393,,76978,76990,
384394,,76978,76989,
384395,,76978,76988,
384396,,76978,76968,
384397,,76978,76969,
384398,,76978,76970,
384399,,76978,76971,
384400,,76978,76972,
384401,,76978,76973,
384402,,76978,76974,
384403,,76978,76975,
384404,,76978,76976,
384405,,76978,76991,
384406,,76978,76993,
384407,,76978,76984,
384408,,76978,76983,
384409,,76978,77013,
384410,,76978,76982,
384411,,76978,76981,
384412,,76978,76980,
384413,,76978,76979,
384414,,76978,76978,
384415,,76978,76977,
384416,,76978,76994,
384417,,76978,76995,
384418,,76978,76996,
384419,,76978,76997,
384420,,76978,76998,
384421,,76978,76999,
384422,,76978,77000,
384423,,76978,77001,
384424,,76978,77002,
384425,,76978,77003,
384426,,76978,76987,
384427,,76978,77010,
384428,,76978,77011,
384429,,76978,77012,
384430,,76978,76985,
384431,,76978,76986,
384432,,76977,77014,
384433,,76977,77015,
384434,,76977,77017,
384435,,76977,77016,
384436,,76977,76992,
384437,,76977,77009,
384438,,76977,77008,
384439,,76977,77007,
384440,,76977,77006,
384441,,76977,77005,
384442,,76977,77004,
384443,,76977,76990,
384444,,76977,76989,
384445,,76977,76988,
384446,,76977,76968,
384447,,76977,76969,
384448,,76977,76970,
384449,,76977,76971,
384450,,76977,76972,
384451,,76977,76973,
384452,,76977,76974,
384453,,76977,76975,
384454,,76977,76976,
384455,,76977,76991,
384456,,76977,76993,
384457,,76977,76984,
384458,,76977,76983,
384459,,76977,77013,
384460,,76977,76982,
384461,,76977,76981,
384462,,76977,76980,
384463,,76977,76979,
384464,,76977,76978,
384465,,76977,76977,
384466,,76977,76994,
384467,,76977,76995,
384468,,76977,76996,
384469,,76977,76997,
384470,,76977,76998,
384471,,76977,76999,
384472,,76977,77000,
384473,,76977,77001,
384474,,76977,77002,
384475,,76977,77003,
384476,,76977,76987,
384477,,76977,77010,
384478,,76977,77011,
384479,,76977,77012,
384480,,76977,76985,
384481,,76977,76986,
384482,,76994,77014,
384483,,76994,77015,
384484,,76994,77017,
384485,,76994,77016,
384486,,76994,76992,
384487,,76994,77009,
384488,,76994,77008,
384489,,76994,77007,
384490,,76994,77006,
384491,,76994,77005,
384492,,76994,77004,
384493,,76994,76990,
384494,,76994,76989,
384495,,76994,76988,
384496,,76994,76968,
384497,,76994,76969,
384498,,76994,76970,
384499,,76994,76971,
384500,,76994,76972,
384501,,76994,76973,
384502,,76994,76974,
384503,,76994,76975,
384504,,76994,76976,
384505,,76994,76991,
384506,,76994,76993,
384507,,76994,76984,
384508,,76994,76983,
384509,,76994,77013,
384510,,76994,76982,
384511,,76994,76981,
384512,,76994,76980,
384513,,76994,76979,
384514,,76994,76978,
384515,,76994,76977,
384516,,76994,76994,
384517,,76994,76995,
384518,,76994,76996,
384519,,76994,76997,
384520,,76994,76998,
384521,,76994,76999,
384522,,76994,77000,
384523,,76994,77001,
384524,,76994,77002,
384525,,76994,77003,
384526,,76994,76987,
384527,,76994,77010,
384528,,76994,77011,
384529,,76994,77012,
384530,,76994,76985,
384531,,76994,76986,
384532,,76995,77014,
384533,,76995,77015,
384534,,76995,77017,
384535,,76995,77016,
384536,,76995,76992,
384537,,76995,77009,
384538,,76995,77008,
384539,,76995,77007,
384540,,76995,77006,
384541,,76995,77005,
384542,,76995,77004,
384543,,76995,76990,
384544,,76995,76989,
384545,,76995,76988,
384546,,76995,76968,
384547,,76995,76969,
384548,,76995,76970,
384549,,76995,76971,
384550,,76995,76972,
384551,,76995,76973,
384552,,76995,76974,
384553,,76995,76975,
384554,,76995,76976,
384555,,76995,76991,
384556,,76995,76993,
384557,,76995,76984,
384558,,76995,76983,
384559,,76995,77013,
384560,,76995,76982,
384561,,76995,76981,
384562,,76995,76980,
384563,,76995,76979,
384564,,76995,76978,
384565,,76995,76977,
384566,,76995,76994,
384567,,76995,76995,
384568,,76995,76996,
384569,,76995,76997,
384570,,76995,76998,
384571,,76995,76999,
384572,,76995,77000,
384573,,76995,77001,
384574,,76995,77002,
384575,,76995,77003,
384576,,76995,76987,
384577,,76995,77010,
384578,,76995,77011,
384579,,76995,77012,
384580,,76995,76985,
384581,,76995,76986,
384582,,76996,77014,
384583,,76996,77015,
384584,,76996,77017,
384585,,76996,77016,
384586,,76996,76992,
384587,,76996,77009,
384588,,76996,77008,
384589,,76996,77007,
384590,,76996,77006,
384591,,76996,77005,
384592,,76996,77004,
384593,,76996,76990,
384594,,76996,76989,
384595,,76996,76988,
384596,,76996,76968,
384597,,76996,76969,
384598,,76996,76970,
384599,,76996,76971,
384600,,76996,76972,
384601,,76996,76973,
384602,,76996,76974,
384603,,76996,76975,
384604,,76996,76976,
384605,,76996,76991,
384606,,76996,76993,
384607,,76996,76984,
384608,,76996,76983,
384609,,76996,77013,
384610,,76996,76982,
384611,,76996,76981,
384612,,76996,76980,
384613,,76996,76979,
384614,,76996,76978,
384615,,76996,76977,
384616,,76996,76994,
384617,,76996,76995,
384618,,76996,76996,
384619,,76996,76997,
384620,,76996,76998,
384621,,76996,76999,
384622,,76996,77000,
384623,,76996,77001,
384624,,76996,77002,
384625,,76996,77003,
384626,,76996,76987,
384627,,76996,77010,
384628,,76996,77011,
384629,,76996,77012,
384630,,76996,76985,
384631,,76996,76986,
384632,,76997,77014,
384633,,76997,77015,
384634,,76997,77017,
384635,,76997,77016,
384636,,76997,76992,
384637,,76997,77009,
384638,,76997,77008,
384639,,76997,77007,
384640,,76997,77006,
384641,,76997,77005,
384642,,76997,77004,
384643,,76997,76990,
384644,,76997,76989,
384645,,76997,76988,
384646,,76997,76968,
384647,,76997,76969,
384648,,76997,76970,
384649,,76997,76971,
384650,,76997,76972,
384651,,76997,76973,
384652,,76997,76974,
384653,,76997,76975,
384654,,76997,76976,
384655,,76997,76991,
384656,,76997,76993,
384657,,76997,76984,
384658,,76997,76983,
384659,,76997,77013,
384660,,76997,76982,
384661,,76997,76981,
384662,,76997,76980,
384663,,76997,76979,
384664,,76997,76978,
384665,,76997,76977,
384666,,76997,76994,
384667,,76997,76995,
384668,,76997,76996,
384669,,76997,76997,
384670,,76997,76998,
384671,,76997,76999,
384672,,76997,77000,
384673,,76997,77001,
384674,,76997,77002,
384675,,76997,77003,
384676,,76997,76987,
384677,,76997,77010,
384678,,76997,77011,
384679,,76997,77012,
384680,,76997,76985,
384681,,76997,76986,
384682,,76998,77014,
384683,,76998,77015,
384684,,76998,77017,
384685,,76998,77016,
384686,,76998,76992,
384687,,76998,77009,
384688,,76998,77008,
384689,,76998,77007,
384690,,76998,77006,
384691,,76998,77005,
384692,,76998,77004,
384693,,76998,76990,
384694,,76998,76989,
384695,,76998,76988,
384696,,76998,76968,
384697,,76998,76969,
384698,,76998,76970,
384699,,76998,76971,
384700,,76998,76972,
384701,,76998,76973,
384702,,76998,76974,
384703,,76998,76975,
384704,,76998,76976,
384705,,76998,76991,
384706,,76998,76993,
384707,,76998,76984,
384708,,76998,76983,
384709,,76998,77013,
384710,,76998,76982,
384711,,76998,76981,
384712,,76998,76980,
384713,,76998,76979,
384714,,76998,76978,
384715,,76998,76977,
384716,,76998,76994,
384717,,76998,76995,
384718,,76998,76996,
384719,,76998,76997,
384720,,76998,76998,
384721,,76998,76999,
384722,,76998,77000,
384723,,76998,77001,
384724,,76998,77002,
384725,,76998,77003,
384726,,76998,76987,
384727,,76998,77010,
384728,,76998,77011,
384729,,76998,77012,
384730,,76998,76985,
384731,,76998,76986,
384732,,76999,77014,
384733,,76999,77015,
384734,,76999,77017,
384735,,76999,77016,
384736,,76999,76992,
384737,,76999,77009,
384738,,76999,77008,
384739,,76999,77007,
384740,,76999,77006,
384741,,76999,77005,
384742,,76999,77004,
384743,,76999,76990,
384744,,76999,76989,
384745,,76999,76988,
384746,,76999,76968,
384747,,76999,76969,
384748,,76999,76970,
384749,,76999,76971,
384750,,76999,76972,
384751,,76999,76973,
384752,,76999,76974,
384753,,76999,76975,
384754,,76999,76976,
384755,,76999,76991,
384756,,76999,76993,
384757,,76999,76984,
384758,,76999,76983,
384759,,76999,77013,
384760,,76999,76982,
384761,,76999,76981,
384762,,76999,76980,
384763,,76999,76979,
384764,,76999,76978,
384765,,76999,76977,
384766,,76999,76994,
384767,,76999,76995,
384768,,76999,76996,
384769,,76999,76997,
384770,,76999,76998,
384771,,76999,76999,
384772,,76999,77000,
384773,,76999,77001,
384774,,76999,77002,
384775,,76999,77003,
384776,,76999,76987,
384777,,76999,77010,
384778,,76999,77011,
384779,,76999,77012,
384780,,76999,76985,
384781,,76999,76986,
384782,,77000,77014,
384783,,77000,77015,
384784,,77000,77017,
384785,,77000,77016,
384786,,77000,76992,
384787,,77000,77009,
384788,,77000,77008,
384789,,77000,77007,
384790,,77000,77006,
384791,,77000,77005,
384792,,77000,77004,
384793,,77000,76990,
384794,,77000,76989,
384795,,77000,76988,
384796,,77000,76968,
384797,,77000,76969,
384798,,77000,76970,
384799,,77000,76971,
384800,,77000,76972,
384801,,77000,76973,
384802,,77000,76974,
384803,,77000,76975,
384804,,77000,76976,
384805,,77000,76991,
384806,,77000,76993,
384807,,77000,76984,
384808,,77000,76983,
384809,,77000,77013,
384810,,77000,76982,
384811,,77000,76981,
384812,,77000,76980,
384813,,77000,76979,
384814,,77000,76978,
384815,,77000,76977,
384816,,77000,76994,
384817,,77000,76995,
384818,,77000,76996,
384819,,77000,76997,
384820,,77000,76998,
384821,,77000,76999,
384822,,77000,77000,
384823,,77000,77001,
384824,,77000,77002,
384825,,77000,77003,
384826,,77000,76987,
384827,,77000,77010,
384828,,77000,77011,
384829,,77000,77012,
384830,,77000,76985,
384831,,77000,76986,
384832,,77001,77014,
384833,,77001,77015,
384834,,77001,77017,
384835,,77001,77016,
384836,,77001,76992,
384837,,77001,77009,
384838,,77001,77008,
384839,,77001,77007,
384840,,77001,77006,
384841,,77001,77005,
384842,,77001,77004,
384843,,77001,76990,
384844,,77001,76989,
384845,,77001,76988,
384846,,77001,76968,
384847,,77001,76969,
384848,,77001,76970,
384849,,77001,76971,
384850,,77001,76972,
384851,,77001,76973,
384852,,77001,76974,
384853,,77001,76975,
384854,,77001,76976,
384855,,77001,76991,
384856,,77001,76993,
384857,,77001,76984,
384858,,77001,76983,
384859,,77001,77013,
384860,,77001,76982,
384861,,77001,76981,
384862,,77001,76980,
384863,,77001,76979,
384864,,77001,76978,
384865,,77001,76977,
384866,,77001,76994,
384867,,77001,76995,
384868,,77001,76996,
384869,,77001,76997,
384870,,77001,76998,
384871,,77001,76999,
384872,,77001,77000,
384873,,77001,77001,
384874,,77001,77002,
384875,,77001,77003,
384876,,77001,76987,
384877,,77001,77010,
384878,,77001,77011,
384879,,77001,77012,
384880,,77001,76985,
384881,,77001,76986,
384882,,77002,77014,
384883,,77002,77015,
384884,,77002,77017,
384885,,77002,77016,
384886,,77002,76992,
384887,,77002,77009,
384888,,77002,77008,
384889,,77002,77007,
384890,,77002,77006,
384891,,77002,77005,
384892,,77002,77004,
384893,,77002,76990,
384894,,77002,76989,
384895,,77002,76988,
384896,,77002,76968,
384897,,77002,76969,
384898,,77002,76970,
384899,,77002,76971,
384900,,77002,76972,
384901,,77002,76973,
384902,,77002,76974,
384903,,77002,76975,
384904,,77002,76976,
384905,,77002,76991,
384906,,77002,76993,
384907,,77002,76984,
384908,,77002,76983,
384909,,77002,77013,
384910,,77002,76982,
384911,,77002,76981,
384912,,77002,76980,
384913,,77002,76979,
384914,,77002,76978,
384915,,77002,76977,
384916,,77002,76994,
384917,,77002,76995,
384918,,77002,76996,
384919,,77002,76997,
384920,,77002,76998,
384921,,77002,76999,
384922,,77002,77000,
384923,,77002,77001,
384924,,77002,77002,
384925,,77002,77003,
384926,,77002,76987,
384927,,77002,77010,
384928,,77002,77011,
384929,,77002,77012,
384930,,77002,76985,
384931,,77002,76986,
384932,,77003,77014,
384933,,77003,77015,
384934,,77003,77017,
384935,,77003,77016,
384936,,77003,76992,
384937,,77003,77009,
384938,,77003,77008,
384939,,77003,77007,
384940,,77003,77006,
384941,,77003,77005,
384942,,77003,77004,
384943,,77003,76990,
384944,,77003,76989,
384945,,77003,76988,
384946,,77003,76968,
384947,,77003,76969,
384948,,77003,76970,
384949,,77003,76971,
384950,,77003,76972,
384951,,77003,76973,
384952,,77003,76974,
384953,,77003,76975,
384954,,77003,76976,
384955,,77003,76991,
384956,,77003,76993,
384957,,77003,76984,
384958,,77003,76983,
384959,,77003,77013,
384960,,77003,76982,
384961,,77003,76981,
384962,,77003,76980,
384963,,77003,76979,
384964,,77003,76978,
384965,,77003,76977,
384966,,77003,76994,
384967,,77003,76995,
384968,,77003,76996,
384969,,77003,76997,
384970,,77003,76998,
384971,,77003,76999,
384972,,77003,77000,
384973,,77003,77001,
384974,,77003,77002,
384975,,77003,77003,
384976,,77003,76987,
384977,,77003,77010,
384978,,77003,77011,
384979,,77003,77012,
384980,,77003,76985,
384981,,77003,76986,
384982,,76987,77014,
384983,,76987,77015,
384984,,76987,77017,
384985,,76987,77016,
384986,,76987,76992,
384987,,76987,77009,
384988,,76987,77008,
384989,,76987,77007,
384990,,76987,77006,
384991,,76987,77005,
384992,,76987,77004,
384993,,76987,76990,
384994,,76987,76989,
384995,,76987,76988,
384996,,76987,76968,
384997,,76987,76969,
384998,,76987,76970,
384999,,76987,76971,
385000,,76987,76972,
385001,,76987,76973,
385002,,76987,76974,
385003,,76987,76975,
385004,,76987,76976,
385005,,76987,76991,
385006,,76987,76993,
385007,,76987,76984,
385008,,76987,76983,
385009,,76987,77013,
385010,,76987,76982,
385011,,76987,76981,
385012,,76987,76980,
385013,,76987,76979,
385014,,76987,76978,
385015,,76987,76977,
385016,,76987,76994,
385017,,76987,76995,
385018,,76987,76996,
385019,,76987,76997,
385020,,76987,76998,
385021,,76987,76999,
385022,,76987,77000,
385023,,76987,77001,
385024,,76987,77002,
385025,,76987,77003,
385026,,76987,76987,
385027,,76987,77010,
385028,,76987,77011,
385029,,76987,77012,
385030,,76987,76985,
385031,,76987,76986,
385032,,77010,77014,
385033,,77010,77015,
385034,,77010,77017,
385035,,77010,77016,
385036,,77010,76992,
385037,,77010,77009,
385038,,77010,77008,
385039,,77010,77007,
385040,,77010,77006,
385041,,77010,77005,
385042,,77010,77004,
385043,,77010,76990,
385044,,77010,76989,
385045,,77010,76988,
385046,,77010,76968,
385047,,77010,76969,
385048,,77010,76970,
385049,,77010,76971,
385050,,77010,76972,
385051,,77010,76973,
385052,,77010,76974,
385053,,77010,76975,
385054,,77010,76976,
385055,,77010,76991,
385056,,77010,76993,
385057,,77010,76984,
385058,,77010,76983,
385059,,77010,77013,
385060,,77010,76982,
385061,,77010,76981,
385062,,77010,76980,
385063,,77010,76979,
385064,,77010,76978,
385065,,77010,76977,
385066,,77010,76994,
385067,,77010,76995,
385068,,77010,76996,
385069,,77010,76997,
385070,,77010,76998,
385071,,77010,76999,
385072,,77010,77000,
385073,,77010,77001,
385074,,77010,77002,
385075,,77010,77003,
385076,,77010,76987,
385077,,77010,77010,
385078,,77010,77011,
385079,,77010,77012,
385080,,77010,76985,
385081,,77010,76986,
385082,,77011,77014,
385083,,77011,77015,
385084,,77011,77017,
385085,,77011,77016,
385086,,77011,76992,
385087,,77011,77009,
385088,,77011,77008,
385089,,77011,77007,
385090,,77011,77006,
385091,,77011,77005,
385092,,77011,77004,
385093,,77011,76990,
385094,,77011,76989,
385095,,77011,76988,
385096,,77011,76968,
385097,,77011,76969,
385098,,77011,76970,
385099,,77011,76971,
385100,,77011,76972,
385101,,77011,76973,
385102,,77011,76974,
385103,,77011,76975,
385104,,77011,76976,
385105,,77011,76991,
385106,,77011,76993,
385107,,77011,76984,
385108,,77011,76983,
385109,,77011,77013,
385110,,77011,76982,
385111,,77011,76981,
385112,,77011,76980,
385113,,77011,76979,
385114,,77011,76978,
385115,,77011,76977,
385116,,77011,76994,
385117,,77011,76995,
385118,,77011,76996,
385119,,77011,76997,
385120,,77011,76998,
385121,,77011,76999,
385122,,77011,77000,
385123,,77011,77001,
385124,,77011,77002,
385125,,77011,77003,
385126,,77011,76987,
385127,,77011,77010,
385128,,77011,77011,
385129,,77011,77012,
385130,,77011,76985,
385131,,77011,76986,
385132,,77012,77014,
385133,,77012,77015,
385134,,77012,77017,
385135,,77012,77016,
385136,,77012,76992,
385137,,77012,77009,
385138,,77012,77008,
385139,,77012,77007,
385140,,77012,77006,
385141,,77012,77005,
385142,,77012,77004,
385143,,77012,76990,
385144,,77012,76989,
385145,,77012,76988,
385146,,77012,76968,
385147,,77012,76969,
385148,,77012,76970,
385149,,77012,76971,
385150,,77012,76972,
385151,,77012,76973,
385152,,77012,76974,
385153,,77012,76975,
385154,,77012,76976,
385155,,77012,76991,
385156,,77012,76993,
385157,,77012,76984,
385158,,77012,76983,
385159,,77012,77013,
385160,,77012,76982,
385161,,77012,76981,
385162,,77012,76980,
385163,,77012,76979,
385164,,77012,76978,
385165,,77012,76977,
385166,,77012,76994,
385167,,77012,76995,
385168,,77012,76996,
385169,,77012,76997,
385170,,77012,76998,
385171,,77012,76999,
385172,,77012,77000,
385173,,77012,77001,
385174,,77012,77002,
385175,,77012,77003,
385176,,77012,76987,
385177,,77012,77010,
385178,,77012,77011,
385179,,77012,77012,
385180,,77012,76985,
385181,,77012,76986,
385182,,76985,77014,
385183,,76985,77015,
385184,,76985,77017,
385185,,76985,77016,
385186,,76985,76992,
385187,,76985,77009,
385188,,76985,77008,
385189,,76985,77007,
385190,,76985,77006,
385191,,76985,77005,
385192,,76985,77004,
385193,,76985,76990,
385194,,76985,76989,
385195,,76985,76988,
385196,,76985,76968,
385197,,76985,76969,
385198,,76985,76970,
385199,,76985,76971,
385200,,76985,76972,
385201,,76985,76973,
385202,,76985,76974,
385203,,76985,76975,
385204,,76985,76976,
385205,,76985,76991,
385206,,76985,76993,
385207,,76985,76984,
385208,,76985,76983,
385209,,76985,77013,
385210,,76985,76982,
385211,,76985,76981,
385212,,76985,76980,
385213,,76985,76979,
385214,,76985,76978,
385215,,76985,76977,
385216,,76985,76994,
385217,,76985,76995,
385218,,76985,76996,
385219,,76985,76997,
385220,,76985,76998,
385221,,76985,76999,
385222,,76985,77000,
385223,,76985,77001,
385224,,76985,77002,
385225,,76985,77003,
385226,,76985,76987,
385227,,76985,77010,
385228,,76985,77011,
385229,,76985,77012,
385230,,76985,76985,
385231,,76985,76986,
385232,,76986,77014,
385233,,76986,77015,
385234,,76986,77017,
385235,,76986,77016,
385236,,76986,76992,
385237,,76986,77009,
385238,,76986,77008,
385239,,76986,77007,
385240,,76986,77006,
385241,,76986,77005,
385242,,76986,77004,
385243,,76986,76990,
385244,,76986,76989,
385245,,76986,76988,
385246,,76986,76968,
385247,,76986,76969,
385248,,76986,76970,
385249,,76986,76971,
385250,,76986,76972,
385251,,76986,76973,
385252,,76986,76974,
385253,,76986,76975,
385254,,76986,76976,
385255,,76986,76991,
385256,,76986,76993,
385257,,76986,76984,
385258,,76986,76983,
385259,,76986,77013,
385260,,76986,76982,
385261,,76986,76981,
385262,,76986,76980,
385263,,76986,76979,
385264,,76986,76978,
385265,,76986,76977,
385266,,76986,76994,
385267,,76986,76995,
385268,,76986,76996,
385269,,76986,76997,
385270,,76986,76998,
385271,,76986,76999,
385272,,76986,77000,
385273,,76986,77001,
385274,,76986,77002,
385275,,76986,77003,
385276,,76986,76987,
385277,,76986,77010,
385278,,76986,77011,
385279,,76986,77012,
385280,,76986,76985,
385281,,76986,76986,
383088,,77008,77008,
383089,,77008,77007,
383090,,77008,77006,
383091,,77008,77005,
383092,,77008,77004,
383093,,77008,76990,
383094,,77008,76989,
383095,,77008,76988,
383096,,77008,76968,
383097,,77008,76969,
383098,,77008,76970,
383099,,77008,76971,
383100,,77008,76972,
383101,,77008,76973,
383102,,77008,76974,
383103,,77008,76975,
383104,,77008,76976,
383105,,77008,76991,
383106,,77008,76993,
383107,,77008,76984,
383108,,77008,76983,
383109,,77008,77013,
383110,,77008,76982,
383111,,77008,76981,
383112,,77008,76980,
383113,,77008,76979,
383114,,77008,76978,
383115,,77008,76977,
383116,,77008,76994,
383117,,77008,76995,
383118,,77008,76996,
383119,,77008,76997,
383120,,77008,76998,
383121,,77008,76999,
383122,,77008,77000,
383123,,77008,77001,
383124,,77008,77002,
383125,,77008,77003,
383126,,77008,76987,
383127,,77008,77010,
383128,,77008,77011,
383129,,77008,77012,
383130,,77008,76985,
383131,,77008,76986,
383132,,77007,77014,
383133,,77007,77015,
383134,,77007,77017,
383135,,77007,77016,
383136,,77007,76992,
383137,,77007,77009,
383138,,77007,77008,
383139,,77007,77007,
383140,,77007,77006,
383141,,77007,77005,
383142,,77007,77004,
383143,,77007,76990,
383144,,77007,76989,
383145,,77007,76988,
383146,,77007,76968,
383147,,77007,76969,
383148,,77007,76970,
383149,,77007,76971,
383150,,77007,76972,
383151,,77007,76973,
383152,,77007,76974,
383153,,77007,76975,
383154,,77007,76976,
383155,,77007,76991,
383156,,77007,76993,
383157,,77007,76984,
383158,,77007,76983,
383159,,77007,77013,
383160,,77007,76982,
383161,,77007,76981,
383162,,77007,76980,
383163,,77007,76979,
383164,,77007,76978,
383165,,77007,76977,
383166,,77007,76994,
383167,,77007,76995,
383168,,77007,76996,
383169,,77007,76997,
383170,,77007,76998,
383171,,77007,76999,
383172,,77007,77000,
383173,,77007,77001,
383174,,77007,77002,
383175,,77007,77003,
383176,,77007,76987,
383177,,77007,77010,
383178,,77007,77011,
383179,,77007,77012,
383180,,77007,76985,
383181,,77007,76986,
383182,,77006,77014,
383183,,77006,77015,
383184,,77006,77017,
383185,,77006,77016,
383186,,77006,76992,
383187,,77006,77009,
383188,,77006,77008,
383189,,77006,77007,
383190,,77006,77006,
383191,,77006,77005,
383192,,77006,77004,
383193,,77006,76990,
383194,,77006,76989,
383195,,77006,76988,
383196,,77006,76968,
383197,,77006,76969,
383198,,77006,76970,
383199,,77006,76971,
383200,,77006,76972,
383201,,77006,76973,
383202,,77006,76974,
383203,,77006,76975,
383204,,77006,76976,
383205,,77006,76991,
383206,,77006,76993,
383207,,77006,76984,
383208,,77006,76983,
383209,,77006,77013,
383210,,77006,76982,
383211,,77006,76981,
383212,,77006,76980,
383213,,77006,76979,
383214,,77006,76978,
383215,,77006,76977,
383216,,77006,76994,
383217,,77006,76995,
383218,,77006,76996,
383219,,77006,76997,
383220,,77006,76998,
383221,,77006,76999,
383222,,77006,77000,
383223,,77006,77001,
383224,,77006,77002,
383225,,77006,77003,
383226,,77006,76987,
383227,,77006,77010,
383228,,77006,77011,
383229,,77006,77012,
383230,,77006,76985,
383231,,77006,76986,
383232,,77005,77014,
383233,,77005,77015,
383234,,77005,77017,
383235,,77005,77016,
383236,,77005,76992,
383237,,77005,77009,
383238,,77005,77008,
383239,,77005,77007,
383240,,77005,77006,
383241,,77005,77005,
383242,,77005,77004,
383243,,77005,76990,
383244,,77005,76989,
383245,,77005,76988,
383246,,77005,76968,
383247,,77005,76969,
383248,,77005,76970,
383249,,77005,76971,
383250,,77005,76972,
383251,,77005,76973,
383252,,77005,76974,
383253,,77005,76975,
383254,,77005,76976,
383255,,77005,76991,
383256,,77005,76993,
383257,,77005,76984,
383258,,77005,76983,
383259,,77005,77013,
383260,,77005,76982,
383261,,77005,76981,
383262,,77005,76980,
383263,,77005,76979,
383264,,77005,76978,
383265,,77005,76977,
383266,,77005,76994,
383267,,77005,76995,
383268,,77005,76996,
383269,,77005,76997,
383270,,77005,76998,
383271,,77005,76999,
383272,,77005,77000,
383273,,77005,77001,
383274,,77005,77002,
383275,,77005,77003,
383276,,77005,76987,
383277,,77005,77010,
383278,,77005,77011,
383279,,77005,77012,
383280,,77005,76985,
383281,,77005,76986,
383282,,77004,77014,
383283,,77004,77015,
383284,,77004,77017,
383285,,77004,77016,
383286,,77004,76992,
383287,,77004,77009,
383288,,77004,77008,
383289,,77004,77007,
383290,,77004,77006,
383291,,77004,77005,
383292,,77004,77004,
383293,,77004,76990,
383294,,77004,76989,
383295,,77004,76988,
383296,,77004,76968,
383297,,77004,76969,
383298,,77004,76970,
383299,,77004,76971,
383300,,77004,76972,
383301,,77004,76973,
383302,,77004,76974,
383303,,77004,76975,
383304,,77004,76976,
383305,,77004,76991,
383306,,77004,76993,
383307,,77004,76984,
383308,,77004,76983,
383309,,77004,77013,
383310,,77004,76982,
383311,,77004,76981,
383312,,77004,76980,
383313,,77004,76979,
383314,,77004,76978,
383315,,77004,76977,
383316,,77004,76994,
383317,,77004,76995,
383318,,77004,76996,
383319,,77004,76997,
383320,,77004,76998,
383321,,77004,76999,
383322,,77004,77000,
383323,,77004,77001,
383324,,77004,77002,
383325,,77004,77003,
383326,,77004,76987,
383327,,77004,77010,
383328,,77004,77011,
383329,,77004,77012,
383330,,77004,76985,
383331,,77004,76986,
383332,,76990,77014,
383333,,76990,77015,
383334,,76990,77017,
383335,,76990,77016,
383336,,76990,76992,
383337,,76990,77009,
383338,,76990,77008,
383339,,76990,77007,
383340,,76990,77006,
383341,,76990,77005,
383342,,76990,77004,
383343,,76990,76990,
383344,,76990,76989,
383345,,76990,76988,
383346,,76990,76968,
383347,,76990,76969,
383348,,76990,76970,
383349,,76990,76971,
383350,,76990,76972,
383351,,76990,76973,
383352,,76990,76974,
383353,,76990,76975,
383354,,76990,76976,
383355,,76990,76991,
383356,,76990,76993,
383357,,76990,76984,
383358,,76990,76983,
383359,,76990,77013,
383360,,76990,76982,
383361,,76990,76981,
383362,,76990,76980,
383363,,76990,76979,
383364,,76990,76978,
383365,,76990,76977,
383366,,76990,76994,
383367,,76990,76995,
383368,,76990,76996,
383369,,76990,76997,
383370,,76990,76998,
383371,,76990,76999,
383372,,76990,77000,
383373,,76990,77001,
383374,,76990,77002,
383375,,76990,77003,
383376,,76990,76987,
383377,,76990,77010,
383378,,76990,77011,
383379,,76990,77012,
383380,,76990,76985,
383381,,76990,76986,
383382,,76989,77014,
383383,,76989,77015,
383384,,76989,77017,
383385,,76989,77016,
383386,,76989,76992,
383387,,76989,77009,
383388,,76989,77008,
383389,,76989,77007,
383390,,76989,77006,
383391,,76989,77005,
383392,,76989,77004,
383393,,76989,76990,
383394,,76989,76989,
383395,,76989,76988,
383396,,76989,76968,
383397,,76989,76969,
383398,,76989,76970,
383399,,76989,76971,
383400,,76989,76972,
383401,,76989,76973,
383402,,76989,76974,
383403,,76989,76975,
383404,,76989,76976,
383405,,76989,76991,
383406,,76989,76993,
383407,,76989,76984,
383408,,76989,76983,
383409,,76989,77013,
383410,,76989,76982,
383411,,76989,76981,
383412,,76989,76980,
383413,,76989,76979,
383414,,76989,76978,
383415,,76989,76977,
383416,,76989,76994,
383417,,76989,76995,
383418,,76989,76996,
383419,,76989,76997,
383420,,76989,76998,
383421,,76989,76999,
383422,,76989,77000,
383423,,76989,77001,
383424,,76989,77002,
383425,,76989,77003,
383426,,76989,76987,
383427,,76989,77010,
383428,,76989,77011,
383429,,76989,77012,
383430,,76989,76985,
383431,,76989,76986,
383432,,76988,77014,
383433,,76988,77015,
383434,,76988,77017,
383435,,76988,77016,
383436,,76988,76992,
383437,,76988,77009,
383438,,76988,77008,
383439,,76988,77007,
383440,,76988,77006,
383441,,76988,77005,
383442,,76988,77004,
383443,,76988,76990,
383444,,76988,76989,
383445,,76988,76988,
383446,,76988,76968,
383447,,76988,76969,
383448,,76988,76970,
383449,,76988,76971,
383450,,76988,76972,
383451,,76988,76973,
383452,,76988,76974,
383453,,76988,76975,
383454,,76988,76976,
383455,,76988,76991,
383456,,76988,76993,
383457,,76988,76984,
383458,,76988,76983,
383459,,76988,77013,
383460,,76988,76982,
383461,,76988,76981,
383462,,76988,76980,
383463,,76988,76979,
383464,,76988,76978,
383465,,76988,76977,
383466,,76988,76994,
383467,,76988,76995,
383468,,76988,76996,
383469,,76988,76997,
383470,,76988,76998,
383471,,76988,76999,
383472,,76988,77000,
383473,,76988,77001,
383474,,76988,77002,
383475,,76988,77003,
383476,,76988,76987,
383477,,76988,77010,
383478,,76988,77011,
383479,,76988,77012,
383480,,76988,76985,
383481,,76988,76986,
383482,,76968,77014,
383483,,76968,77015,
383484,,76968,77017,
383485,,76968,77016,
383486,,76968,76992,
383487,,76968,77009,
383488,,76968,77008,
383489,,76968,77007,
383490,,76968,77006,
383491,,76968,77005,
383492,,76968,77004,
383493,,76968,76990,
383494,,76968,76989,
383495,,76968,76988,
383496,,76968,76968,
383497,,76968,76969,
383498,,76968,76970,
383499,,76968,76971,
383500,,76968,76972,
383501,,76968,76973,
383502,,76968,76974,
383503,,76968,76975,
383504,,76968,76976,
383505,,76968,76991,
383506,,76968,76993,
383507,,76968,76984,
383508,,76968,76983,
383509,,76968,77013,
383510,,76968,76982,
383511,,76968,76981,
383512,,76968,76980,
383513,,76968,76979,
383514,,76968,76978,
383515,,76968,76977,
383516,,76968,76994,
383517,,76968,76995,
383518,,76968,76996,
383519,,76968,76997,
383520,,76968,76998,
383521,,76968,76999,
383522,,76968,77000,
383523,,76968,77001,
383524,,76968,77002,
383525,,76968,77003,
383526,,76968,76987,
383527,,76968,77010,
383528,,76968,77011,
383529,,76968,77012,
383530,,76968,76985,
383531,,76968,76986,
383532,,76969,77014,
383533,,76969,77015,
383534,,76969,77017,
383535,,76969,77016,
383536,,76969,76992,
383537,,76969,77009,
383538,,76969,77008,
383539,,76969,77007,
383540,,76969,77006,
383541,,76969,77005,
383542,,76969,77004,
383543,,76969,76990,
383544,,76969,76989,
383545,,76969,76988,
383546,,76969,76968,
383547,,76969,76969,
383548,,76969,76970,
383549,,76969,76971,
383550,,76969,76972,
383551,,76969,76973,
383552,,76969,76974,
383553,,76969,76975,
383554,,76969,76976,
383555,,76969,76991,
383556,,76969,76993,
383557,,76969,76984,
383558,,76969,76983,
383559,,76969,77013,
383560,,76969,76982,
383561,,76969,76981,
383562,,76969,76980,
383563,,76969,76979,
383564,,76969,76978,
383565,,76969,76977,
383566,,76969,76994,
383567,,76969,76995,
383568,,76969,76996,
383569,,76969,76997,
383570,,76969,76998,
383571,,76969,76999,
383572,,76969,77000,
383573,,76969,77001,
383574,,76969,77002,
383575,,76969,77003,
383576,,76969,76987,
383577,,76969,77010,
383578,,76969,77011,
383579,,76969,77012,
383580,,76969,76985,
383581,,76969,76986,
383582,,76970,77014,
383583,,76970,77015,
383584,,76970,77017,
383585,,76970,77016,
383586,,76970,76992,
383587,,76970,77009,
383588,,76970,77008,
383589,,76970,77007,
383590,,76970,77006,
383591,,76970,77005,
383592,,76970,77004,
383593,,76970,76990,
383594,,76970,76989,
383595,,76970,76988,
383596,,76970,76968,
383597,,76970,76969,
382782,,77014,77014,
382783,,77014,77015,
382784,,77014,77017,
382785,,77014,77016,
382786,,77014,76992,
382787,,77014,77009,
382788,,77014,77008,
382789,,77014,77007,
382790,,77014,77006,
382791,,77014,77005,
382792,,77014,77004,
382793,,77014,76990,
382794,,77014,76989,
382795,,77014,76988,
382796,,77014,76968,
382797,,77014,76969,
382798,,77014,76970,
382799,,77014,76971,
382800,,77014,76972,
382801,,77014,76973,
382802,,77014,76974,
382803,,77014,76975,
382804,,77014,76976,
382805,,77014,76991,
382806,,77014,76993,
382807,,77014,76984,
382808,,77014,76983,
382809,,77014,77013,
382810,,77014,76982,
382811,,77014,76981,
382812,,77014,76980,
382813,,77014,76979,
382814,,77014,76978,
382815,,77014,76977,
382816,,77014,76994,
382817,,77014,76995,
382818,,77014,76996,
382819,,77014,76997,
382820,,77014,76998,
382821,,77014,76999,
382822,,77014,77000,
382823,,77014,77001,
382824,,77014,77002,
382825,,77014,77003,
382826,,77014,76987,
382827,,77014,77010,
382828,,77014,77011,
382829,,77014,77012,
382830,,77014,76985,
382831,,77014,76986,
382832,,77015,77014,
382833,,77015,77015,
382834,,77015,77017,
382835,,77015,77016,
382836,,77015,76992,
382837,,77015,77009,
382838,,77015,77008,
382839,,77015,77007,
382840,,77015,77006,
382841,,77015,77005,
382842,,77015,77004,
382843,,77015,76990,
382844,,77015,76989,
382845,,77015,76988,
382846,,77015,76968,
382847,,77015,76969,
382848,,77015,76970,
382849,,77015,76971,
382850,,77015,76972,
382851,,77015,76973,
382852,,77015,76974,
382853,,77015,76975,
382854,,77015,76976,
382855,,77015,76991,
382856,,77015,76993,
382857,,77015,76984,
382858,,77015,76983,
382859,,77015,77013,
382860,,77015,76982,
382861,,77015,76981,
382862,,77015,76980,
382863,,77015,76979,
382864,,77015,76978,
382865,,77015,76977,
382866,,77015,76994,
382867,,77015,76995,
382868,,77015,76996,
382869,,77015,76997,
382870,,77015,76998,
382871,,77015,76999,
382872,,77015,77000,
382873,,77015,77001,
382874,,77015,77002,
382875,,77015,77003,
382876,,77015,76987,
382877,,77015,77010,
382878,,77015,77011,
382879,,77015,77012,
382880,,77015,76985,
382881,,77015,76986,
382882,,77017,77014,
382883,,77017,77015,
382884,,77017,77017,
382885,,77017,77016,
382886,,77017,76992,
382887,,77017,77009,
382888,,77017,77008,
382889,,77017,77007,
382890,,77017,77006,
382891,,77017,77005,
382892,,77017,77004,
382893,,77017,76990,
382894,,77017,76989,
382895,,77017,76988,
382896,,77017,76968,
382897,,77017,76969,
382898,,77017,76970,
382899,,77017,76971,
382900,,77017,76972,
382901,,77017,76973,
382902,,77017,76974,
382903,,77017,76975,
382904,,77017,76976,
382905,,77017,76991,
382906,,77017,76993,
382907,,77017,76984,
382908,,77017,76983,
382909,,77017,77013,
382910,,77017,76982,
382911,,77017,76981,
382912,,77017,76980,
382913,,77017,76979,
382914,,77017,76978,
382915,,77017,76977,
382916,,77017,76994,
382917,,77017,76995,
382918,,77017,76996,
382919,,77017,76997,
382920,,77017,76998,
382921,,77017,76999,
382922,,77017,77000,
382923,,77017,77001,
382924,,77017,77002,
382925,,77017,77003,
382926,,77017,76987,
382927,,77017,77010,
382928,,77017,77011,
382929,,77017,77012,
382930,,77017,76985,
382931,,77017,76986,
382932,,77016,77014,
382933,,77016,77015,
382934,,77016,77017,
382935,,77016,77016,
382936,,77016,76992,
382937,,77016,77009,
382938,,77016,77008,
382939,,77016,77007,
382940,,77016,77006,
382941,,77016,77005,
382942,,77016,77004,
382943,,77016,76990,
382944,,77016,76989,
382945,,77016,76988,
382946,,77016,76968,
382947,,77016,76969,
382948,,77016,76970,
382949,,77016,76971,
382950,,77016,76972,
382951,,77016,76973,
382952,,77016,76974,
382953,,77016,76975,
382954,,77016,76976,
382955,,77016,76991,
382956,,77016,76993,
382957,,77016,76984,
382958,,77016,76983,
382959,,77016,77013,
382960,,77016,76982,
382961,,77016,76981,
382962,,77016,76980,
382963,,77016,76979,
382964,,77016,76978,
382965,,77016,76977,
382966,,77016,76994,
382967,,77016,76995,
382968,,77016,76996,
382969,,77016,76997,
382970,,77016,76998,
382971,,77016,76999,
382972,,77016,77000,
382973,,77016,77001,
382974,,77016,77002,
382975,,77016,77003,
382976,,77016,76987,
382977,,77016,77010,
382978,,77016,77011,
382979,,77016,77012,
382980,,77016,76985,
382981,,77016,76986,
382982,,76992,77014,
382983,,76992,77015,
382984,,76992,77017,
382985,,76992,77016,
382986,,76992,76992,
382987,,76992,77009,
382988,,76992,77008,
382989,,76992,77007,
382990,,76992,77006,
382991,,76992,77005,
382992,,76992,77004,
382993,,76992,76990,
382994,,76992,76989,
382995,,76992,76988,
382996,,76992,76968,
382997,,76992,76969,
382998,,76992,76970,
382999,,76992,76971,
383000,,76992,76972,
383001,,76992,76973,
383002,,76992,76974,
383003,,76992,76975,
383004,,76992,76976,
383005,,76992,76991,
383006,,76992,76993,
383007,,76992,76984,
383008,,76992,76983,
383009,,76992,77013,
383010,,76992,76982,
383011,,76992,76981,
383012,,76992,76980,
383013,,76992,76979,
383014,,76992,76978,
383015,,76992,76977,
383016,,76992,76994,
383017,,76992,76995,
383018,,76992,76996,
383019,,76992,76997,
383020,,76992,76998,
383021,,76992,76999,
383022,,76992,77000,
383023,,76992,77001,
383024,,76992,77002,
383025,,76992,77003,
383026,,76992,76987,
383027,,76992,77010,
383028,,76992,77011,
383029,,76992,77012,
383030,,76992,76985,
383031,,76992,76986,
383032,,77009,77014,
383033,,77009,77015,
383034,,77009,77017,
383035,,77009,77016,
383036,,77009,76992,
383037,,77009,77009,
383038,,77009,77008,
383039,,77009,77007,
383040,,77009,77006,
383041,,77009,77005,
383042,,77009,77004,
383043,,77009,76990,
383044,,77009,76989,
383045,,77009,76988,
383046,,77009,76968,
383047,,77009,76969,
383048,,77009,76970,
383049,,77009,76971,
383050,,77009,76972,
383051,,77009,76973,
383052,,77009,76974,
383053,,77009,76975,
383054,,77009,76976,
383055,,77009,76991,
383056,,77009,76993,
383057,,77009,76984,
383058,,77009,76983,
383059,,77009,77013,
383060,,77009,76982,
383061,,77009,76981,
383062,,77009,76980,
383063,,77009,76979,
383064,,77009,76978,
383065,,77009,76977,
383066,,77009,76994,
383067,,77009,76995,
383068,,77009,76996,
383069,,77009,76997,
383070,,77009,76998,
383071,,77009,76999,
383072,,77009,77000,
383073,,77009,77001,
383074,,77009,77002,
383075,,77009,77003,
383076,,77009,76987,
383077,,77009,77010,
383078,,77009,77011,
383079,,77009,77012,
383080,,77009,76985,
383081,,77009,76986,
383082,,77008,77014,
383083,,77008,77015,
383084,,77008,77017,
383085,,77008,77016,
383086,,77008,76992,
383087,,77008,77009,
383598,,76970,76970,
383599,,76970,76971,
383600,,76970,76972,
383601,,76970,76973,
383602,,76970,76974,
383603,,76970,76975,
383604,,76970,76976,
383605,,76970,76991,
383606,,76970,76993,
383607,,76970,76984,
383608,,76970,76983,
383609,,76970,77013,
383610,,76970,76982,
383611,,76970,76981,
383612,,76970,76980,
383613,,76970,76979,
383614,,76970,76978,
383615,,76970,76977,
383616,,76970,76994,
383617,,76970,76995,
383618,,76970,76996,
383619,,76970,76997,
383620,,76970,76998,
383621,,76970,76999,
383622,,76970,77000,
383623,,76970,77001,
383624,,76970,77002,
383625,,76970,77003,
383626,,76970,76987,
383627,,76970,77010,
383628,,76970,77011,
383629,,76970,77012,
383630,,76970,76985,
383631,,76970,76986,
383632,,76971,77014,
383633,,76971,77015,
383634,,76971,77017,
383635,,76971,77016,
383636,,76971,76992,
383637,,76971,77009,
383638,,76971,77008,
383639,,76971,77007,
383640,,76971,77006,
383641,,76971,77005,
383642,,76971,77004,
383643,,76971,76990,
383644,,76971,76989,
383645,,76971,76988,
383646,,76971,76968,
383647,,76971,76969,
383648,,76971,76970,
383649,,76971,76971,
383650,,76971,76972,
383651,,76971,76973,
383652,,76971,76974,
383653,,76971,76975,
383654,,76971,76976,
383655,,76971,76991,
383656,,76971,76993,
383657,,76971,76984,
383658,,76971,76983,
383659,,76971,77013,
383660,,76971,76982,
383661,,76971,76981,
383662,,76971,76980,
383663,,76971,76979,
383664,,76971,76978,
383665,,76971,76977,
383666,,76971,76994,
383667,,76971,76995,
383668,,76971,76996,
383669,,76971,76997,
383670,,76971,76998,
383671,,76971,76999,
383672,,76971,77000,
383673,,76971,77001,
383674,,76971,77002,
383675,,76971,77003,
383676,,76971,76987,
383677,,76971,77010,
383678,,76971,77011,
383679,,76971,77012,
383680,,76971,76985,
383681,,76971,76986,
383682,,76972,77014,
383683,,76972,77015,
383684,,76972,77017,
383685,,76972,77016,
383686,,76972,76992,
383687,,76972,77009,
383688,,76972,77008,
383689,,76972,77007,
383690,,76972,77006,
383691,,76972,77005,
383692,,76972,77004,
383693,,76972,76990,
383694,,76972,76989,
383695,,76972,76988,
383696,,76972,76968,
383697,,76972,76969,
383698,,76972,76970,
383699,,76972,76971,
383700,,76972,76972,
383701,,76972,76973,
383702,,76972,76974,
383703,,76972,76975,
383704,,76972,76976,
383705,,76972,76991,
383706,,76972,76993,
383707,,76972,76984,
383708,,76972,76983,
383709,,76972,77013,
383710,,76972,76982,
383711,,76972,76981,
383712,,76972,76980,
383713,,76972,76979,
383714,,76972,76978,
383715,,76972,76977,
383716,,76972,76994,
383717,,76972,76995,
383718,,76972,76996,
383719,,76972,76997,
383720,,76972,76998,
383721,,76972,76999,
383722,,76972,77000,
383723,,76972,77001,
383724,,76972,77002,
383725,,76972,77003,
383726,,76972,76987,
383727,,76972,77010,
383728,,76972,77011,
383729,,76972,77012,
383730,,76972,76985,
383731,,76972,76986,
383732,,76973,77014,
383733,,76973,77015,
383734,,76973,77017,
383735,,76973,77016,
383736,,76973,76992,
383737,,76973,77009,
383738,,76973,77008,
383739,,76973,77007,
383740,,76973,77006,
383741,,76973,77005,
383742,,76973,77004,
383743,,76973,76990,
383744,,76973,76989,
383745,,76973,76988,
383746,,76973,76968,
383747,,76973,76969,
383748,,76973,76970,
383749,,76973,76971,
383750,,76973,76972,
383751,,76973,76973,
383752,,76973,76974,
383753,,76973,76975,
383754,,76973,76976,
383755,,76973,76991,
383756,,76973,76993,
383757,,76973,76984,
383758,,76973,76983,
383759,,76973,77013,
383760,,76973,76982,
383761,,76973,76981,
383762,,76973,76980,
383763,,76973,76979,
383764,,76973,76978,
383765,,76973,76977,
383766,,76973,76994,
383767,,76973,76995,
383768,,76973,76996,
383769,,76973,76997,
383770,,76973,76998,
383771,,76973,76999,
383772,,76973,77000,
383773,,76973,77001,
383774,,76973,77002,
383775,,76973,77003,
383776,,76973,76987,
383777,,76973,77010,
383778,,76973,77011,
383779,,76973,77012,
383780,,76973,76985,
383781,,76973,76986,
383782,,76974,77014,
383783,,76974,77015,
383784,,76974,77017,
383785,,76974,77016,
383786,,76974,76992,
383787,,76974,77009,
383788,,76974,77008,
383789,,76974,77007,
383790,,76974,77006,
383791,,76974,77005,
383792,,76974,77004,
383793,,76974,76990,
383794,,76974,76989,
383795,,76974,76988,
383796,,76974,76968,
383797,,76974,76969,
383798,,76974,76970,
383799,,76974,76971,
383800,,76974,76972,
383801,,76974,76973,
383802,,76974,76974,
383803,,76974,76975,
383804,,76974,76976,
383805,,76974,76991,
383806,,76974,76993,
383807,,76974,76984,
383808,,76974,76983,
383809,,76974,77013,
383810,,76974,76982,
383811,,76974,76981,
383812,,76974,76980,
383813,,76974,76979,
383814,,76974,76978,
383815,,76974,76977,
383816,,76974,76994,
383817,,76974,76995,
383818,,76974,76996,
383819,,76974,76997,
383820,,76974,76998,
383821,,76974,76999,
383822,,76974,77000,
383823,,76974,77001,
383824,,76974,77002,
383825,,76974,77003,
383826,,76974,76987,
383827,,76974,77010,
383828,,76974,77011,
383829,,76974,77012,
383830,,76974,76985,
383831,,76974,76986,
383832,,76975,77014,
383833,,76975,77015,
383834,,76975,77017,
383835,,76975,77016,
383836,,76975,76992,
383837,,76975,77009,
383838,,76975,77008,
383839,,76975,77007,
383840,,76975,77006,
383841,,76975,77005,
383842,,76975,77004,
383843,,76975,76990,
383844,,76975,76989,
383845,,76975,76988,
383846,,76975,76968,
383847,,76975,76969,
383848,,76975,76970,
383849,,76975,76971,
383850,,76975,76972,
383851,,76975,76973,
383852,,76975,76974,
383853,,76975,76975,
383854,,76975,76976,
383855,,76975,76991,
383856,,76975,76993,
383857,,76975,76984,
383858,,76975,76983,
383859,,76975,77013,
383860,,76975,76982,
383861,,76975,76981,
383862,,76975,76980,
383863,,76975,76979,
383864,,76975,76978,
383865,,76975,76977,
383866,,76975,76994,
383867,,76975,76995,
383868,,76975,76996,
383869,,76975,76997,
383870,,76975,76998,
383871,,76975,76999,
383872,,76975,77000,
383873,,76975,77001,
383874,,76975,77002,
383875,,76975,77003,
383876,,76975,76987,
383877,,76975,77010,
383878,,76975,77011,
383879,,76975,77012,
383880,,76975,76985,
383881,,76975,76986,
383882,,76976,77014,
383883,,76976,77015,
383884,,76976,77017,
383885,,76976,77016,
383886,,76976,76992,
383887,,76976,77009,
383888,,76976,77008,
383889,,76976,77007,
383890,,76976,77006,
383891,,76976,77005,
383892,,76976,77004,
383893,,76976,76990,
383894,,76976,76989,
383895,,76976,76988,
383896,,76976,76968,
383897,,76976,76969,
383898,,76976,76970,
383899,,76976,76971,
383900,,76976,76972,
383901,,76976,76973,
383902,,76976,76974,
383903,,76976,76975,
383904,,76976,76976,
383905,,76976,76991,
383906,,76976,76993,
383907,,76976,76984,
383908,,76976,76983,
383909,,76976,77013,
383910,,76976,76982,
383911,,76976,76981,
383912,,76976,76980,
383913,,76976,76979,
383914,,76976,76978,
383915,,76976,76977,
383916,,76976,76994,
383917,,76976,76995,
383918,,76976,76996,
383919,,76976,76997,
383920,,76976,76998,
383921,,76976,76999,
383922,,76976,77000,
383923,,76976,77001,
383924,,76976,77002,
383925,,76976,77003,
383926,,76976,76987,
383927,,76976,77010,
383928,,76976,77011,
383929,,76976,77012,
383930,,76976,76985,
383931,,76976,76986,
383932,,76991,77014,
383933,,76991,77015,
383934,,76991,77017,
383935,,76991,77016,
383936,,76991,76992,
383937,,76991,77009,
383938,,76991,77008,
383939,,76991,77007,
383940,,76991,77006,
383941,,76991,77005,
383942,,76991,77004,
383943,,76991,76990,
383944,,76991,76989,
383945,,76991,76988,
383946,,76991,76968,
383947,,76991,76969,
383948,,76991,76970,
383949,,76991,76971,
383950,,76991,76972,
383951,,76991,76973,
383952,,76991,76974,
383953,,76991,76975,
383954,,76991,76976,
383955,,76991,76991,
383956,,76991,76993,
383957,,76991,76984,
383958,,76991,76983,
383959,,76991,77013,
383960,,76991,76982,
383961,,76991,76981,
383962,,76991,76980,
383963,,76991,76979,
383964,,76991,76978,
383965,,76991,76977,
383966,,76991,76994,
383967,,76991,76995,
383968,,76991,76996,
383969,,76991,76997,
383970,,76991,76998,
383971,,76991,76999,
383972,,76991,77000,
383973,,76991,77001,
383974,,76991,77002,
383975,,76991,77003,
383976,,76991,76987,
383977,,76991,77010,
383978,,76991,77011,
383979,,76991,77012,
383980,,76991,76985,
383981,,76991,76986,
383982,,76993,77014,
383983,,76993,77015,
383984,,76993,77017,
383985,,76993,77016,
383986,,76993,76992,
383987,,76993,77009,
383988,,76993,77008,
383989,,76993,77007,
383990,,76993,77006,
383991,,76993,77005,
383992,,76993,77004,
383993,,76993,76990,
383994,,76993,76989,
383995,,76993,76988,
383996,,76993,76968,
383997,,76993,76969,
383998,,76993,76970,
383999,,76993,76971,
384000,,76993,76972,
384001,,76993,76973,
384002,,76993,76974,
384003,,76993,76975,
384004,,76993,76976,
384005,,76993,76991,
384006,,76993,76993,