fare_id,price,currency_type,payment_method,transfers,transfer_duration
383206,5.90,USD,1,,
383207,6.00,USD,1,,
383208,5.35,USD,1,,
383209,5.65,USD,1,,
383210,5.10,USD,1,,
383211,4.60,USD,1,,
383212,4.40,USD,1,,
383213,3.95,USD,1,,
383214,3.25,USD,1,,
383215,2.40,USD,1,,
383216,2.65,USD,1,,
383217,5.10,USD,1,,
383218,5.10,USD,1,,
383219,5.10,USD,1,,
383220,5.10,USD,1,,
383221,5.20,USD,1,,
383222,5.25,USD,1,,
383223,5.45,USD,1,,
383224,5.50,USD,1,,
383225,5.70,USD,1,,
383226,10.85,USD,1,,
383227,6.45,USD,1,,
383228,7.35,USD,1,,
383229,7.65,USD,1,,
383230,6.20,USD,1,,
383231,6.95,USD,1,,
383232,5.80,USD,1,,
383233,6.15,USD,1,,
383234,11.90,USD,1,,
383235,6.55,USD,1,,
383236,5.65,USD,1,,
383237,2.40,USD,1,,
383238,2.40,USD,1,,
383239,2.40,USD,1,,
383240,2.40,USD,1,,
383241,7.10,USD,1,,
383242,2.40,USD,1,,
383243,2.40,USD,1,,
383244,2.40,USD,1,,
383245,2.40,USD,1,,
383246,2.40,USD,1,,
383247,2.85,USD,1,,
383248,3.20,USD,1,,
383249,3.80,USD,1,,
383250,4.15,USD,1,,
383251,4.45,USD,1,,
383252,4.85,USD,1,,
383253,5.45,USD,1,,
383254,5.85,USD,1,,
383255,4.50,USD,1,,
383256,5.85,USD,1,,
383257,5.90,USD,1,,
383258,5.30,USD,1,,
383259,5.60,USD,1,,
383260,5.05,USD,1,,
383261,4.50,USD,1,,
383262,4.35,USD,1,,
383263,3.85,USD,1,,
383264,3.10,USD,1,,
383265,2.40,USD,1,,
383266,2.50,USD,1,,
383267,5.00,USD,1,,
383268,5.00,USD,1,,
383269,5.00,USD,1,,
383270,5.00,USD,1,,
383271,5.15,USD,1,,
383272,5.20,USD,1,,
383273,5.35,USD,1,,
383274,5.45,USD,1,,
383275,5.60,USD,1,,
383276,10.70,USD,1,,
383277,6.40,USD,1,,
383278,7.30,USD,1,,
383279,7.60,USD,1,,
383280,6.10,USD,1,,
383281,6.90,USD,1,,
383282,5.70,USD,1,,
383283,6.00,USD,1,,
383284,11.75,USD,1,,
383285,6.45,USD,1,,
383286,5.55,USD,1,,
383287,2.40,USD,1,,
383288,2.40,USD,1,,
383289,2.40,USD,1,,
383290,2.40,USD,1,,
383291,2.40,USD,1,,
383292,7.10,USD,1,,
383293,2.40,USD,1,,
383294,2.40,USD,1,,
383295,2.40,USD,1,,
383296,2.40,USD,1,,
383297,2.65,USD,1,,
383298,3.05,USD,1,,
383299,3.60,USD,1,,
383300,4.00,USD,1,,
383301,4.35,USD,1,,
383302,4.75,USD,1,,
383303,5.35,USD,1,,
383304,5.75,USD,1,,
383305,4.35,USD,1,,
383306,5.75,USD,1,,
383307,5.85,USD,1,,
383308,5.25,USD,1,,
383309,5.45,USD,1,,
383310,5.00,USD,1,,
383311,4.50,USD,1,,
383312,4.25,USD,1,,
383313,3.65,USD,1,,
383314,2.90,USD,1,,
383315,2.40,USD,1,,
383316,2.40,USD,1,,
383317,4.80,USD,1,,
383318,4.80,USD,1,,
383319,4.80,USD,1,,
383320,4.80,USD,1,,
383321,5.00,USD,1,,
383322,5.05,USD,1,,
383323,5.25,USD,1,,
383324,5.35,USD,1,,
383325,5.50,USD,1,,
383326,10.50,USD,1,,
383327,6.30,USD,1,,
383328,7.20,USD,1,,
383329,7.50,USD,1,,
383330,6.05,USD,1,,
383331,6.85,USD,1,,
383332,5.55,USD,1,,
383333,5.85,USD,1,,
383334,11.60,USD,1,,
383335,6.30,USD,1,,
383336,5.35,USD,1,,
383337,3.35,USD,1,,
383338,2.90,USD,1,,
383339,2.55,USD,1,,
383340,2.40,USD,1,,
383341,2.40,USD,1,,
383342,2.40,USD,1,,
383343,7.10,USD,1,,
383344,2.40,USD,1,,
383345,2.40,USD,1,,
383346,2.40,USD,1,,
383347,2.40,USD,1,,
383348,2.75,USD,1,,
383349,3.35,USD,1,,
383350,3.80,USD,1,,
383351,4.20,USD,1,,
383352,4.55,USD,1,,
383353,5.20,USD,1,,
383354,5.60,USD,1,,
383355,4.20,USD,1,,
383356,5.60,USD,1,,
383357,5.85,USD,1,,
383358,5.25,USD,1,,
383359,5.30,USD,1,,
383360,5.00,USD,1,,
383361,4.50,USD,1,,
383362,4.25,USD,1,,
383363,3.55,USD,1,,
383364,2.40,USD,1,,
383365,2.40,USD,1,,
383366,2.40,USD,1,,
383367,4.50,USD,1,,
383368,4.50,USD,1,,
383369,4.50,USD,1,,
383370,4.50,USD,1,,
383371,4.75,USD,1,,
383372,4.85,USD,1,,
383373,5.10,USD,1,,
383374,5.20,USD,1,,
383375,5.35,USD,1,,
383376,10.25,USD,1,,
383377,6.15,USD,1,,
383378,7.05,USD,1,,
383379,7.35,USD,1,,
383380,6.05,USD,1,,
383381,6.85,USD,1,,
383382,5.45,USD,1,,
383383,5.75,USD,1,,
383384,11.50,USD,1,,
383385,6.15,USD,1,,
383386,5.25,USD,1,,
383387,3.55,USD,1,,
383388,3.15,USD,1,,
383389,2.80,USD,1,,
383390,2.40,USD,1,,
383391,2.40,USD,1,,
383392,2.40,USD,1,,
383393,2.40,USD,1,,
383394,7.10,USD,1,,
383395,2.40,USD,1,,
383396,2.40,USD,1,,
383397,2.40,USD,1,,
383398,2.40,USD,1,,
383399,3.10,USD,1,,
383400,3.55,USD,1,,
383401,4.10,USD,1,,
383402,4.45,USD,1,,
383403,5.05,USD,1,,
383404,5.50,USD,1,,
383405,4.10,USD,1,,
383406,5.45,USD,1,,
383407,5.90,USD,1,,
383408,5.25,USD,1,,
383409,5.20,USD,1,,
383410,5.00,USD,1,,
383411,4.50,USD,1,,
383412,4.35,USD,1,,
383413,3.75,USD,1,,
383414,3.00,USD,1,,
383415,2.40,USD,1,,
383416,2.40,USD,1,,
383417,4.25,USD,1,,
383418,4.25,USD,1,,
383419,4.25,USD,1,,
383420,4.25,USD,1,,
383421,4.50,USD,1,,
383422,4.60,USD,1,,
383423,4.90,USD,1,,
383424,5.10,USD,1,,
383425,5.25,USD,1,,
383426,9.90,USD,1,,
383427,6.05,USD,1,,
383428,6.90,USD,1,,
383429,7.25,USD,1,,
383430,6.10,USD,1,,
383431,6.90,USD,1,,
383432,5.45,USD,1,,
383433,5.75,USD,1,,
383434,11.50,USD,1,,
383435,6.15,USD,1,,
383436,5.25,USD,1,,
383437,3.55,USD,1,,
383438,3.15,USD,1,,
383439,2.80,USD,1,,
383440,2.40,USD,1,,
383441,2.40,USD,1,,
383442,2.40,USD,1,,
383443,2.40,USD,1,,
383444,2.40,USD,1,,
383445,7.10,USD,1,,
383446,2.40,USD,1,,
383447,2.40,USD,1,,
383448,2.40,USD,1,,
383449,3.10,USD,1,,
383450,3.55,USD,1,,
383451,4.10,USD,1,,
383452,4.45,USD,1,,
383453,5.05,USD,1,,
383454,5.50,USD,1,,
383455,4.10,USD,1,,
383456,5.45,USD,1,,
383457,5.90,USD,1,,
383458,5.25,USD,1,,
383459,5.20,USD,1,,
383460,5.00,USD,1,,
383461,4.50,USD,1,,
383462,4.35,USD,1,,
383463,3.75,USD,1,,
383464,3.00,USD,1,,
383465,2.40,USD,1,,
383466,2.40,USD,1,,
383467,4.25,USD,1,,
383468,4.25,USD,1,,
383469,4.25,USD,1,,
383470,4.25,USD,1,,
383471,4.50,USD,1,,
383472,4.60,USD,1,,
383473,4.90,USD,1,,
383474,5.10,USD,1,,
383475,5.25,USD,1,,
383476,9.90,USD,1,,
383477,6.05,USD,1,,
383478,6.90,USD,1,,
383479,7.25,USD,1,,
383480,6.10,USD,1,,
383481,6.90,USD,1,,
383482,5.45,USD,1,,
383483,5.75,USD,1,,
383484,11.50,USD,1,,
383485,6.15,USD,1,,
383486,5.25,USD,1,,
383487,3.55,USD,1,,
383488,3.15,USD,1,,
383489,2.80,USD,1,,
383490,2.40,USD,1,,
383491,2.40,USD,1,,
383492,2.40,USD,1,,
383493,2.40,USD,1,,
383494,2.40,USD,1,,
383495,2.40,USD,1,,
383496,7.10,USD,1,,
383497,2.40,USD,1,,
383498,2.40,USD,1,,
383499,3.10,USD,1,,
383500,3.55,USD,1,,
383501,4.10,USD,1,,
383502,4.45,USD,1,,
383503,5.05,USD,1,,
383504,5.50,USD,1,,
383505,4.10,USD,1,,
383506,5.45,USD,1,,
383507,5.90,USD,1,,
383508,5.25,USD,1,,
383509,5.20,USD,1,,
383510,5.00,USD,1,,
383511,4.50,USD,1,,
383512,4.35,USD,1,,
383513,3.75,USD,1,,
383514,3.00,USD,1,,
383515,2.40,USD,1,,
383516,2.40,USD,1,,
383517,4.25,USD,1,,
383518,4.25,USD,1,,
383519,4.25,USD,1,,
383520,4.25,USD,1,,
383521,4.50,USD,1,,
383522,4.60,USD,1,,
383523,4.90,USD,1,,
383524,5.10,USD,1,,
383525,5.25,USD,1,,
383526,9.90,USD,1,,
383527,6.05,USD,1,,
383528,6.90,USD,1,,
383529,7.25,USD,1,,
383530,6.10,USD,1,,
383531,6.90,USD,1,,
383532,5.80,USD,1,,
383533,6.10,USD,1,,
383534,11.85,USD,1,,
383535,6.50,USD,1,,
383536,4.95,USD,1,,
383537,3.95,USD,1,,
383538,3.70,USD,1,,
383539,3.40,USD,1,,
383540,3.00,USD,1,,
383541,2.85,USD,1,,
383542,2.65,USD,1,,
383543,2.40,USD,1,,
383544,2.40,USD,1,,
383545,2.40,USD,1,,
383546,2.40,USD,1,,
383547,7.10,USD,1,,
383548,2.40,USD,1,,
383549,2.40,USD,1,,
383550,3.00,USD,1,,
383551,3.55,USD,1,,
383552,4.10,USD,1,,
383553,4.75,USD,1,,
383554,5.15,USD,1,,
383555,3.55,USD,1,,
383556,5.15,USD,1,,
383557,6.10,USD,1,,
383558,5.45,USD,1,,
383559,5.55,USD,1,,
383560,5.20,USD,1,,
383561,4.70,USD,1,,
383562,4.50,USD,1,,
383563,4.05,USD,1,,
383564,3.40,USD,1,,
383565,2.45,USD,1,,
383566,2.40,USD,1,,
383567,4.80,USD,1,,
383568,4.80,USD,1,,
383569,4.80,USD,1,,
383570,4.80,USD,1,,
383571,5.05,USD,1,,
383572,5.15,USD,1,,
383573,5.30,USD,1,,
383574,5.40,USD,1,,
383575,5.60,USD,1,,
383576,9.90,USD,1,,
383577,5.70,USD,1,,
383578,6.60,USD,1,,
383579,6.90,USD,1,,
383580,6.30,USD,1,,
383581,7.10,USD,1,,
383582,6.00,USD,1,,
383583,6.35,USD,1,,
383584,12.10,USD,1,,
383585,6.75,USD,1,,
383586,4.70,USD,1,,
383587,4.25,USD,1,,
383588,3.95,USD,1,,
383589,3.75,USD,1,,
383590,3.40,USD,1,,
383591,3.20,USD,1,,
383592,3.05,USD,1,,
383593,2.75,USD,1,,
383594,2.40,USD,1,,
383595,2.40,USD,1,,
383596,2.40,USD,1,,
383597,2.40,USD,1,,
383598,7.10,USD,1,,
383599,2.40,USD,1,,
383600,2.40,USD,1,,
383601,3.15,USD,1,,
383602,3.75,USD,1,,
383603,4.50,USD,1,,
383604,4.95,USD,1,,
383605,3.15,USD,1,,
383606,4.90,USD,1,,
383607,6.35,USD,1,,
383608,5.70,USD,1,,
383609,5.80,USD,1,,
383610,5.45,USD,1,,
383611,4.95,USD,1,,
383612,4.75,USD,1,,
383613,4.30,USD,1,,
383614,3.85,USD,1,,
383615,2.85,USD,1,,
383616,2.70,USD,1,,
383617,5.20,USD,1,,
383618,5.20,USD,1,,
383619,5.20,USD,1,,
383620,5.20,USD,1,,
383621,5.35,USD,1,,
383622,5.40,USD,1,,
383623,5.55,USD,1,,
383624,5.65,USD,1,,
383625,5.80,USD,1,,
383626,7.45,USD,1,,
383627,5.45,USD,1,,
383628,6.35,USD,1,,
383629,6.65,USD,1,,
383630,6.55,USD,1,,
383631,7.30,USD,1,,
383632,6.35,USD,1,,
383633,6.70,USD,1,,
383634,12.45,USD,1,,
383635,7.10,USD,1,,
383636,4.35,USD,1,,
383637,4.60,USD,1,,
383638,4.35,USD,1,,
383639,4.15,USD,1,,
383640,3.90,USD,1,,
383641,3.80,USD,1,,
383642,3.60,USD,1,,
383643,3.35,USD,1,,
383644,3.10,USD,1,,
383645,3.10,USD,1,,
383646,3.10,USD,1,,
383647,2.40,USD,1,,
383648,2.40,USD,1,,
383649,7.10,USD,1,,
383650,2.40,USD,1,,
383651,2.40,USD,1,,
383652,3.15,USD,1,,
383653,4.05,USD,1,,
383654,4.55,USD,1,,
383655,2.40,USD,1,,
383656,4.55,USD,1,,
383657,6.70,USD,1,,
383658,6.05,USD,1,,
383659,6.15,USD,1,,
383660,5.80,USD,1,,
383661,5.30,USD,1,,
383662,5.10,USD,1,,
383663,4.70,USD,1,,
383664,4.20,USD,1,,
383665,3.40,USD,1,,
383666,3.30,USD,1,,
383667,5.60,USD,1,,
383668,5.60,USD,1,,
383669,5.60,USD,1,,
383670,5.60,USD,1,,
383671,5.70,USD,1,,
383672,5.75,USD,1,,
383673,5.95,USD,1,,
383674,6.05,USD,1,,
383675,6.15,USD,1,,
383676,9.90,USD,1,,
383677,5.10,USD,1,,
383678,6.00,USD,1,,
383679,6.30,USD,1,,
383680,6.90,USD,1,,
383681,7.70,USD,1,,
383682,6.65,USD,1,,
383683,7.00,USD,1,,
383684,12.75,USD,1,,
383685,7.40,USD,1,,
383686,2.40,USD,1,,
383687,4.90,USD,1,,
383688,4.60,USD,1,,
383689,4.40,USD,1,,
383690,4.20,USD,1,,
383691,4.15,USD,1,,
383692,4.00,USD,1,,
383693,3.80,USD,1,,
383694,3.55,USD,1,,
383695,3.55,USD,1,,
383696,3.55,USD,1,,
383697,3.00,USD,1,,
383698,2.40,USD,1,,
383699,2.40,USD,1,,
383700,7.10,USD,1,,
383701,2.40,USD,1,,
383702,2.40,USD,1,,
383703,2.40,USD,1,,
383704,2.40,USD,1,,
383705,2.40,USD,1,,
383706,2.40,USD,1,,
383707,7.00,USD,1,,
383708,6.35,USD,1,,
383709,6.45,USD,1,,
383710,6.10,USD,1,,
383711,5.60,USD,1,,
383712,5.40,USD,1,,
383713,4.95,USD,1,,
383714,4.50,USD,1,,
383715,3.80,USD,1,,
383716,3.75,USD,1,,
383717,5.90,USD,1,,
383718,5.90,USD,1,,
383719,5.90,USD,1,,
383720,5.90,USD,1,,
383721,6.00,USD,1,,
383722,6.05,USD,1,,
383723,6.25,USD,1,,
383724,6.30,USD,1,,
383725,6.45,USD,1,,
383726,9.90,USD,1,,
383727,4.80,USD,1,,
383728,5.70,USD,1,,
383729,6.00,USD,1,,
383730,7.20,USD,1,,
383731,7.95,USD,1,,
383732,7.00,USD,1,,
383733,7.35,USD,1,,
383734,13.10,USD,1,,
383735,7.75,USD,1,,
383736,4.40,USD,1,,
383737,5.20,USD,1,,
383738,5.00,USD,1,,
383739,4.80,USD,1,,
383740,4.55,USD,1,,
383741,4.45,USD,1,,
383742,4.35,USD,1,,
383743,4.20,USD,1,,
383744,4.10,USD,1,,
383745,4.10,USD,1,,
383746,4.10,USD,1,,
383747,3.55,USD,1,,
383748,3.15,USD,1,,
383749,2.40,USD,1,,
383750,2.40,USD,1,,
383751,7.10,USD,1,,
383752,2.40,USD,1,,
383753,2.40,USD,1,,
383754,2.40,USD,1,,
383755,2.40,USD,1,,
383756,4.60,USD,1,,
383757,7.35,USD,1,,
383758,6.70,USD,1,,
383759,6.80,USD,1,,
383760,6.45,USD,1,,
383761,5.95,USD,1,,
383762,5.75,USD,1,,
383763,5.30,USD,1,,
383764,4.85,USD,1,,
383765,4.20,USD,1,,
383766,4.20,USD,1,,
383767,6.25,USD,1,,
383768,6.25,USD,1,,
383769,6.25,USD,1,,
383770,6.25,USD,1,,
383771,6.35,USD,1,,
383772,6.40,USD,1,,
383773,6.55,USD,1,,
383774,6.65,USD,1,,
383775,6.80,USD,1,,
383776,10.65,USD,1,,
383777,4.45,USD,1,,
383778,5.35,USD,1,,
383779,5.65,USD,1,,
383780,7.55,USD,1,,
383781,8.30,USD,1,,
383782,7.40,USD,1,,
383783,7.70,USD,1,,
383784,13.45,USD,1,,
383785,8.10,USD,1,,
383786,4.75,USD,1,,
383787,5.60,USD,1,,
383788,5.35,USD,1,,
383789,5.15,USD,1,,
383790,4.90,USD,1,,
383791,4.85,USD,1,,
383792,4.75,USD,1,,
383793,4.55,USD,1,,
383794,4.45,USD,1,,
383795,4.45,USD,1,,
383796,4.45,USD,1,,
383797,4.10,USD,1,,
383798,3.75,USD,1,,
383799,3.15,USD,1,,
383800,2.40,USD,1,,
383801,2.40,USD,1,,
383802,7.10,USD,1,,
383803,2.40,USD,1,,
383804,2.40,USD,1,,
383805,3.25,USD,1,,
383806,4.95,USD,1,,
383807,7.70,USD,1,,
383808,7.05,USD,1,,
383809,7.15,USD,1,,
383810,6.80,USD,1,,
383811,6.30,USD,1,,
383812,6.15,USD,1,,
383813,5.70,USD,1,,
383814,5.20,USD,1,,
383815,4.55,USD,1,,
383816,4.60,USD,1,,
383817,6.60,USD,1,,
383818,6.60,USD,1,,
383819,6.60,USD,1,,
383820,6.60,USD,1,,
383821,6.70,USD,1,,
383822,6.75,USD,1,,
383823,6.95,USD,1,,
383824,7.00,USD,1,,
383825,7.20,USD,1,,
383826,11.20,USD,1,,
383827,2.40,USD,1,,
383828,5.00,USD,1,,
383829,5.30,USD,1,,
383830,7.90,USD,1,,
383831,8.70,USD,1,,
383832,8.00,USD,1,,
383833,8.30,USD,1,,
383834,14.05,USD,1,,
383835,8.70,USD,1,,
383836,5.35,USD,1,,
383837,6.20,USD,1,,
383838,5.95,USD,1,,
383839,5.75,USD,1,,
383840,5.50,USD,1,,
383841,5.45,USD,1,,
383842,5.35,USD,1,,
383843,5.20,USD,1,,
383844,5.05,USD,1,,
383845,5.05,USD,1,,
383846,5.05,USD,1,,
383847,4.75,USD,1,,
383848,4.50,USD,1,,
383849,4.05,USD,1,,
383850,2.40,USD,1,,
383851,2.40,USD,1,,
383852,2.40,USD,1,,
383853,7.10,USD,1,,
383854,2.40,USD,1,,
383855,4.15,USD,1,,
383856,5.55,USD,1,,
383857,8.30,USD,1,,
383858,7.65,USD,1,,
383859,7.75,USD,1,,
383860,7.45,USD,1,,
383861,6.90,USD,1,,
383862,6.75,USD,1,,
383863,6.30,USD,1,,
383864,5.80,USD,1,,
383865,5.20,USD,1,,
383866,5.20,USD,1,,
383867,7.20,USD,1,,
383868,7.20,USD,1,,
383869,7.20,USD,1,,
383870,7.20,USD,1,,
383871,7.30,USD,1,,
383872,7.35,USD,1,,
383873,7.55,USD,1,,
383874,7.65,USD,1,,
383875,7.80,USD,1,,
383876,12.00,USD,1,,
383877,2.40,USD,1,,
383878,4.40,USD,1,,
383879,4.70,USD,1,,
383880,8.50,USD,1,,
383881,9.30,USD,1,,
383882,8.40,USD,1,,
383883,8.75,USD,1,,
383884,14.50,USD,1,,
383885,9.15,USD,1,,
383886,5.80,USD,1,,
383887,6.65,USD,1,,
383888,6.40,USD,1,,
383889,6.15,USD,1,,
383890,5.95,USD,1,,
383891,5.85,USD,1,,
383892,5.75,USD,1,,
383893,5.60,USD,1,,
383894,5.50,USD,1,,
383895,5.50,USD,1,,
383896,5.50,USD,1,,
383897,5.15,USD,1,,
383898,4.95,USD,1,,
383899,4.55,USD,1,,
383900,2.40,USD,1,,
383901,2.40,USD,1,,
383902,2.40,USD,1,,
383903,2.40,USD,1,,
383904,7.10,USD,1,,
383905,4.60,USD,1,,
383906,6.00,USD,1,,
383907,8.75,USD,1,,
383908,8.10,USD,1,,
383909,8.20,USD,1,,
383910,7.85,USD,1,,
383911,7.35,USD,1,,
383912,7.15,USD,1,,
383913,6.70,USD,1,,
383914,6.25,USD,1,,
383915,5.60,USD,1,,
383916,5.60,USD,1,,
383917,7.65,USD,1,,
383918,7.65,USD,1,,
383919,7.65,USD,1,,
383920,7.65,USD,1,,
383921,7.70,USD,1,,
383922,7.80,USD,1,,
383923,7.95,USD,1,,
383924,8.05,USD,1,,
383925,8.20,USD,1,,
383926,12.40,USD,1,,
383927,2.40,USD,1,,
383928,3.80,USD,1,,
383929,4.25,USD,1,,
383930,8.95,USD,1,,
383931,9.70,USD,1,,
383932,7.00,USD,1,,
383933,7.35,USD,1,,
383934,13.10,USD,1,,
383935,7.75,USD,1,,
383936,2.40,USD,1,,
383937,5.25,USD,1,,
383938,4.95,USD,1,,
383939,4.75,USD,1,,
383940,4.55,USD,1,,
383941,4.50,USD,1,,
383942,4.35,USD,1,,
383943,4.20,USD,1,,
383944,4.10,USD,1,,
383945,4.10,USD,1,,
383946,4.10,USD,1,,
383947,3.55,USD,1,,
383948,3.15,USD,1,,
383949,2.40,USD,1,,
383950,2.40,USD,1,,
383951,2.40,USD,1,,
383952,3.25,USD,1,,
383953,4.15,USD,1,,
383954,4.60,USD,1,,
383955,7.10,USD,1,,
383956,2.40,USD,1,,
383957,7.35,USD,1,,
383958,6.70,USD,1,,
383959,6.80,USD,1,,
383960,6.45,USD,1,,
383961,5.95,USD,1,,
383962,5.75,USD,1,,
383963,5.30,USD,1,,
383964,4.85,USD,1,,
383965,4.20,USD,1,,
383966,4.20,USD,1,,
383967,6.25,USD,1,,
383968,6.25,USD,1,,
383969,6.25,USD,1,,
383970,6.25,USD,1,,
383971,6.30,USD,1,,
383972,6.40,USD,1,,
383973,6.60,USD,1,,
383974,6.65,USD,1,,
383975,6.80,USD,1,,
383976,10.65,USD,1,,
383977,5.15,USD,1,,
383978,6.05,USD,1,,
383979,6.35,USD,1,,
383980,7.55,USD,1,,
383981,8.30,USD,1,,
383982,8.40,USD,1,,
383983,8.70,USD,1,,
383984,14.45,USD,1,,
383985,9.10,USD,1,,
383986,2.40,USD,1,,
383987,6.60,USD,1,,
383988,6.35,USD,1,,
383989,6.15,USD,1,,
383990,5.90,USD,1,,
383991,5.85,USD,1,,
383992,5.75,USD,1,,
383993,5.60,USD,1,,
383994,5.45,USD,1,,
383995,5.45,USD,1,,
383996,5.45,USD,1,,
383997,5.15,USD,1,,
383998,4.90,USD,1,,
383999,4.55,USD,1,,
384000,2.40,USD,1,,
384001,4.60,USD,1,,
384002,4.95,USD,1,,
384003,5.55,USD,1,,
384004,6.00,USD,1,,
384005,2.40,USD,1,,
384006,7.10,USD,1,,
384007,8.70,USD,1,,
384008,8.05,USD,1,,
384009,8.15,USD,1,,
384010,7.80,USD,1,,
384011,7.30,USD,1,,
384012,7.15,USD,1,,
384013,6.70,USD,1,,
384014,6.20,USD,1,,
384015,5.60,USD,1,,
384016,5.60,USD,1,,
384017,7.60,USD,1,,
384018,7.60,USD,1,,
384019,7.60,USD,1,,
384020,7.60,USD,1,,
384021,7.70,USD,1,,
384022,7.75,USD,1,,
384023,7.95,USD,1,,
384024,8.05,USD,1,,
384025,8.20,USD,1,,
384026,12.35,USD,1,,
384027,6.55,USD,1,,
384028,7.40,USD,1,,
384029,7.70,USD,1,,
384030,8.90,USD,1,,
384031,9.70,USD,1,,
384032,8.90,USD,1,,
384033,9.20,USD,1,,
384034,14.95,USD,1,,
384035,9.60,USD,1,,
384036,8.50,USD,1,,
384037,6.65,USD,1,,
384038,6.40,USD,1,,
384039,6.20,USD,1,,
384040,6.00,USD,1,,
384041,5.90,USD,1,,
384042,5.85,USD,1,,
384043,5.85,USD,1,,
384044,5.90,USD,1,,
384045,5.90,USD,1,,
384046,5.90,USD,1,,
384047,6.10,USD,1,,
384048,6.35,USD,1,,
384049,6.70,USD,1,,
384050,7.00,USD,1,,
384051,7.35,USD,1,,
384052,7.70,USD,1,,
384053,8.30,USD,1,,
384054,8.75,USD,1,,
384055,7.35,USD,1,,
384056,8.70,USD,1,,
384057,7.10,USD,1,,
384058,2.40,USD,1,,
384059,8.65,USD,1,,
384060,2.40,USD,1,,
384061,2.40,USD,1,,
384062,2.40,USD,1,,
384063,4.55,USD,1,,
384064,5.05,USD,1,,
384065,5.70,USD,1,,
384066,6.10,USD,1,,
384067,8.10,USD,1,,
384068,8.10,USD,1,,
384069,8.10,USD,1,,
384070,8.10,USD,1,,
384071,8.20,USD,1,,
384072,8.25,USD,1,,
384073,8.45,USD,1,,
384074,8.55,USD,1,,
384075,8.70,USD,1,,
384076,13.80,USD,1,,
384077,9.25,USD,1,,
384078,10.15,USD,1,,
384079,10.45,USD,1,,
384080,2.40,USD,1,,
384081,2.40,USD,1,,
384082,8.25,USD,1,,
384083,8.60,USD,1,,
384084,14.35,USD,1,,
384085,9.00,USD,1,,
384086,7.85,USD,1,,
384087,6.05,USD,1,,
384088,5.80,USD,1,,
384089,5.60,USD,1,,
384090,5.35,USD,1,,
384091,5.30,USD,1,,
384092,5.25,USD,1,,
384093,5.25,USD,1,,
384094,5.25,USD,1,,
384095,5.25,USD,1,,
384096,5.25,USD,1,,
384097,5.45,USD,1,,
384098,5.70,USD,1,,
384099,6.05,USD,1,,
384100,6.35,USD,1,,
384101,6.70,USD,1,,
384102,7.05,USD,1,,
384103,7.65,USD,1,,
384104,8.10,USD,1,,
384105,6.70,USD,1,,
384106,8.05,USD,1,,
384107,2.40,USD,1,,
384108,7.10,USD,1,,
384109,8.05,USD,1,,
384110,2.40,USD,1,,
384111,2.40,USD,1,,
384112,2.40,USD,1,,
384113,3.75,USD,1,,
384114,4.40,USD,1,,
384115,5.05,USD,1,,
384116,5.45,USD,1,,
384117,7.45,USD,1,,
384118,7.45,USD,1,,
384119,7.45,USD,1,,
384120,7.45,USD,1,,
384121,7.55,USD,1,,
384122,7.65,USD,1,,
384123,7.80,USD,1,,
384124,7.90,USD,1,,
384125,8.05,USD,1,,
384126,13.15,USD,1,,
384127,8.65,USD,1,,
384128,9.50,USD,1,,
384129,9.85,USD,1,,
384130,2.40,USD,1,,
384131,4.20,USD,1,,
384132,4.00,USD,1,,
384133,4.00,USD,1,,
384134,9.90,USD,1,,
384135,4.65,USD,1,,
384136,7.95,USD,1,,
384137,6.35,USD,1,,
384138,6.10,USD,1,,
384139,5.90,USD,1,,
384140,5.65,USD,1,,
384141,5.60,USD,1,,
384142,5.45,USD,1,,
384143,5.30,USD,1,,
384144,5.20,USD,1,,
384145,5.20,USD,1,,
384146,5.20,USD,1,,
384147,5.55,USD,1,,
384148,5.80,USD,1,,
384149,6.15,USD,1,,
384150,6.45,USD,1,,
384151,6.80,USD,1,,
384152,7.15,USD,1,,
384153,7.75,USD,1,,
384154,8.20,USD,1,,
384155,6.80,USD,1,,
384156,8.15,USD,1,,
384157,8.65,USD,1,,
384158,8.05,USD,1,,
384159,7.10,USD,1,,
384160,7.80,USD,1,,
384161,7.25,USD,1,,
384162,7.10,USD,1,,
384163,6.65,USD,1,,
384164,6.15,USD,1,,
384165,5.50,USD,1,,
384166,5.10,USD,1,,
384167,4.50,USD,1,,
384168,4.50,USD,1,,
384169,4.50,USD,1,,
384170,4.50,USD,1,,
384171,4.30,USD,1,,
384172,4.15,USD,1,,
384173,4.00,USD,1,,
384174,4.00,USD,1,,
384175,4.00,USD,1,,
384176,13.25,USD,1,,
384177,8.70,USD,1,,
384178,9.60,USD,1,,
384179,9.90,USD,1,,
384180,8.85,USD,1,,
384181,9.65,USD,1,,
384182,8.00,USD,1,,
384183,8.35,USD,1,,
384184,14.10,USD,1,,
384185,8.75,USD,1,,
384186,7.60,USD,1,,
384187,5.80,USD,1,,
384188,5.55,USD,1,,
384189,5.35,USD,1,,
384190,5.10,USD,1,,
384191,5.05,USD,1,,
384192,5.00,USD,1,,
384193,5.00,USD,1,,
384194,5.00,USD,1,,
384195,5.00,USD,1,,
384196,5.00,USD,1,,
384197,5.20,USD,1,,
384198,5.45,USD,1,,
384199,5.80,USD,1,,
384200,6.10,USD,1,,
384201,6.45,USD,1,,
384202,6.80,USD,1,,
384203,7.45,USD,1,,
384204,7.85,USD,1,,
384205,6.45,USD,1,,
384206,7.80,USD,1,,
384207,2.40,USD,1,,
384208,2.40,USD,1,,
384209,7.80,USD,1,,
384210,7.10,USD,1,,
384211,2.40,USD,1,,
384212,2.40,USD,1,,
384213,2.40,USD,1,,
384214,2.40,USD,1,,
384215,4.80,USD,1,,
384216,5.20,USD,1,,
384217,7.20,USD,1,,
384218,7.20,USD,1,,
384219,7.20,USD,1,,
384220,7.20,USD,1,,
384221,7.30,USD,1,,
384222,7.40,USD,1,,
384223,7.55,USD,1,,
384224,7.65,USD,1,,
384225,7.80,USD,1,,
384226,12.90,USD,1,,
384227,8.40,USD,1,,
384228,9.25,USD,1,,
384229,9.60,USD,1,,
384230,2.40,USD,1,,
384231,4.40,USD,1,,
384232,7.50,USD,1,,
384233,7.80,USD,1,,
384234,13.55,USD,1,,
384235,8.25,USD,1,,
384236,7.10,USD,1,,
384237,5.30,USD,1,,
384238,5.05,USD,1,,
384239,4.85,USD,1,,
384240,4.60,USD,1,,
384241,4.50,USD,1,,
382782,7.10,USD,1,,
382783,4.00,USD,1,,
382784,9.50,USD,1,,
382785,4.00,USD,1,,
382786,8.20,USD,1,,
382787,6.60,USD,1,,
382788,6.30,USD,1,,
382789,6.10,USD,1,,
382790,5.90,USD,1,,
382791,5.80,USD,1,,
382792,5.70,USD,1,,
382793,5.55,USD,1,,
382794,5.45,USD,1,,
382795,5.45,USD,1,,
382796,5.45,USD,1,,
382797,5.80,USD,1,,
382798,6.00,USD,1,,
382799,6.35,USD,1,,
382800,6.65,USD,1,,
382801,7.00,USD,1,,
382802,7.40,USD,1,,
382803,8.00,USD,1,,
382804,8.40,USD,1,,
382805,7.00,USD,1,,
382806,8.40,USD,1,,
382807,8.90,USD,1,,
382808,8.25,USD,1,,
382809,4.00,USD,1,,
382810,8.00,USD,1,,
382811,7.50,USD,1,,
382812,7.30,USD,1,,
382813,6.85,USD,1,,
382814,6.40,USD,1,,
382815,5.70,USD,1,,
382816,5.35,USD,1,,
382817,4.85,USD,1,,
382818,4.85,USD,1,,
382819,4.85,USD,1,,
382820,4.85,USD,1,,
382821,4.65,USD,1,,
382822,4.50,USD,1,,
382823,4.20,USD,1,,
382824,4.00,USD,1,,
382825,4.00,USD,1,,
382826,13.50,USD,1,,
382827,8.95,USD,1,,
382828,9.85,USD,1,,
382829,10.15,USD,1,,
382830,9.10,USD,1,,
382831,9.90,USD,1,,
382832,4.00,USD,1,,
382833,7.10,USD,1,,
382834,9.50,USD,1,,
382835,4.00,USD,1,,
382836,8.50,USD,1,,
382837,6.90,USD,1,,
382838,6.65,USD,1,,
382839,6.45,USD,1,,
382840,6.20,USD,1,,
382841,6.15,USD,1,,
382842,6.00,USD,1,,
382843,5.85,USD,1,,
382844,5.75,USD,1,,
382845,5.75,USD,1,,
382846,5.75,USD,1,,
382847,6.10,USD,1,,
382848,6.35,USD,1,,
382849,6.70,USD,1,,
382850,7.00,USD,1,,
382851,7.35,USD,1,,
382852,7.70,USD,1,,
382853,8.30,USD,1,,
382854,8.75,USD,1,,
382855,7.35,USD,1,,
382856,8.70,USD,1,,
382857,9.20,USD,1,,
382858,8.60,USD,1,,
382859,4.00,USD,1,,
382860,8.35,USD,1,,
382861,7.80,USD,1,,
382862,7.65,USD,1,,
382863,7.20,USD,1,,
382864,6.70,USD,1,,
382865,6.05,USD,1,,
382866,5.65,USD,1,,
382867,5.35,USD,1,,
382868,5.35,USD,1,,
382869,5.35,USD,1,,
382870,5.35,USD,1,,
382871,5.15,USD,1,,
382872,5.00,USD,1,,
382873,4.70,USD,1,,
382874,4.55,USD,1,,
382875,4.00,USD,1,,
382876,13.80,USD,1,,
382877,9.25,USD,1,,
382878,10.15,USD,1,,
382879,10.45,USD,1,,
382880,9.40,USD,1,,
382881,10.20,USD,1,,
382882,9.50,USD,1,,
382883,9.50,USD,1,,
382884,7.10,USD,1,,
382885,5.50,USD,1,,
382886,14.25,USD,1,,
382887,12.65,USD,1,,
382888,12.40,USD,1,,
382889,12.20,USD,1,,
382890,11.95,USD,1,,
382891,11.90,USD,1,,
382892,11.75,USD,1,,
382893,11.60,USD,1,,
382894,11.50,USD,1,,
382895,11.50,USD,1,,
382896,11.50,USD,1,,
382897,11.85,USD,1,,
382898,12.10,USD,1,,
382899,12.45,USD,1,,
382900,12.75,USD,1,,
382901,13.10,USD,1,,
382902,13.45,USD,1,,
382903,14.05,USD,1,,
382904,14.50,USD,1,,
382905,13.10,USD,1,,
382906,14.45,USD,1,,
382907,14.95,USD,1,,
382908,14.35,USD,1,,
382909,9.90,USD,1,,
382910,14.10,USD,1,,
382911,13.55,USD,1,,
382912,13.40,USD,1,,
382913,12.95,USD,1,,
382914,12.45,USD,1,,
382915,11.80,USD,1,,
382916,11.40,USD,1,,
382917,11.15,USD,1,,
382918,11.15,USD,1,,
382919,11.15,USD,1,,
382920,11.15,USD,1,,
382921,11.05,USD,1,,
382922,10.90,USD,1,,
382923,10.60,USD,1,,
382924,10.45,USD,1,,
382925,10.15,USD,1,,
382926,19.55,USD,1,,
382927,15.00,USD,1,,
382928,15.90,USD,1,,
382929,16.20,USD,1,,
382930,15.15,USD,1,,
382931,15.95,USD,1,,
382932,4.00,USD,1,,
382933,4.00,USD,1,,
382934,5.50,USD,1,,
382935,7.10,USD,1,,
382936,8.90,USD,1,,
382937,7.30,USD,1,,
382938,7.05,USD,1,,
382939,6.85,USD,1,,
382940,6.60,USD,1,,
382941,6.55,USD,1,,
382942,6.45,USD,1,,
382943,6.30,USD,1,,
382944,6.15,USD,1,,
382945,6.15,USD,1,,
382946,6.15,USD,1,,
382947,6.50,USD,1,,
382948,6.75,USD,1,,
382949,7.10,USD,1,,
382950,7.40,USD,1,,
382951,7.75,USD,1,,
382952,8.10,USD,1,,
382953,8.70,USD,1,,
382954,9.15,USD,1,,
382955,7.75,USD,1,,
382956,9.10,USD,1,,
382957,9.60,USD,1,,
382958,9.00,USD,1,,
382959,4.65,USD,1,,
382960,8.75,USD,1,,
382961,8.25,USD,1,,
382962,8.05,USD,1,,
382963,7.60,USD,1,,
382964,7.15,USD,1,,
382965,6.45,USD,1,,
382966,6.05,USD,1,,
382967,5.80,USD,1,,
382968,5.80,USD,1,,
382969,5.80,USD,1,,
382970,5.80,USD,1,,
382971,5.70,USD,1,,
382972,5.65,USD,1,,
382973,5.35,USD,1,,
382974,5.15,USD,1,,
382975,4.90,USD,1,,
382976,14.20,USD,1,,
382977,9.65,USD,1,,
382978,10.55,USD,1,,
382979,10.85,USD,1,,
382980,9.80,USD,1,,
382981,10.60,USD,1,,
382982,8.20,USD,1,,
382983,8.50,USD,1,,
382984,14.25,USD,1,,
382985,8.90,USD,1,,
382986,7.10,USD,1,,
382987,6.40,USD,1,,
382988,6.15,USD,1,,
382989,5.95,USD,1,,
382990,5.70,USD,1,,
382991,5.65,USD,1,,
382992,5.55,USD,1,,
382993,5.35,USD,1,,
382994,5.25,USD,1,,
382995,5.25,USD,1,,
382996,5.25,USD,1,,
382997,4.95,USD,1,,
382998,4.70,USD,1,,
382999,4.35,USD,1,,
383000,2.40,USD,1,,
383001,4.40,USD,1,,
383002,4.75,USD,1,,
383003,5.35,USD,1,,
383004,5.80,USD,1,,
383005,2.40,USD,1,,
383006,2.40,USD,1,,
383007,8.50,USD,1,,
383008,7.85,USD,1,,
383009,7.95,USD,1,,
383010,7.60,USD,1,,
383011,7.10,USD,1,,
383012,6.90,USD,1,,
383013,6.50,USD,1,,
383014,6.00,USD,1,,
383015,5.35,USD,1,,
383016,5.40,USD,1,,
383017,7.40,USD,1,,
383018,7.40,USD,1,,
383019,7.40,USD,1,,
383020,7.40,USD,1,,
383021,7.50,USD,1,,
383022,7.55,USD,1,,
383023,7.75,USD,1,,
383024,7.80,USD,1,,
383025,8.00,USD,1,,
383026,12.15,USD,1,,
383027,6.30,USD,1,,
383028,7.20,USD,1,,
383029,7.50,USD,1,,
383030,8.70,USD,1,,
383031,9.50,USD,1,,
383032,6.60,USD,1,,
383033,6.90,USD,1,,
383034,12.65,USD,1,,
383035,7.30,USD,1,,
383036,6.40,USD,1,,
383037,7.10,USD,1,,
383038,2.40,USD,1,,
383039,2.40,USD,1,,
383040,2.40,USD,1,,
383041,2.40,USD,1,,
383042,2.40,USD,1,,
383043,3.35,USD,1,,
383044,3.55,USD,1,,
383045,3.55,USD,1,,
383046,3.55,USD,1,,
383047,3.95,USD,1,,
383048,4.25,USD,1,,
383049,4.60,USD,1,,
383050,4.90,USD,1,,
383051,5.20,USD,1,,
383052,5.60,USD,1,,
383053,6.20,USD,1,,
383054,6.65,USD,1,,
383055,5.25,USD,1,,
383056,6.60,USD,1,,
383057,6.65,USD,1,,
383058,6.05,USD,1,,
383059,6.35,USD,1,,
383060,5.80,USD,1,,
383061,5.30,USD,1,,
383062,5.10,USD,1,,
383063,4.65,USD,1,,
383064,4.15,USD,1,,
383065,3.35,USD,1,,
383066,3.75,USD,1,,
383067,5.80,USD,1,,
383068,5.80,USD,1,,
383069,5.80,USD,1,,
383070,5.80,USD,1,,
383071,5.90,USD,1,,
383072,5.95,USD,1,,
383073,6.10,USD,1,,
383074,6.20,USD,1,,
383075,6.40,USD,1,,
383076,11.70,USD,1,,
383077,7.15,USD,1,,
383078,8.05,USD,1,,
383079,8.35,USD,1,,
383080,6.85,USD,1,,
383081,7.65,USD,1,,
383082,6.30,USD,1,,
383083,6.65,USD,1,,
383084,12.40,USD,1,,
383085,7.05,USD,1,,
383086,6.15,USD,1,,
383087,2.40,USD,1,,
383088,7.10,USD,1,,
383089,2.40,USD,1,,
383090,2.40,USD,1,,
383091,2.40,USD,1,,
383092,2.40,USD,1,,
383093,2.90,USD,1,,
383094,3.15,USD,1,,
383095,3.15,USD,1,,
383096,3.15,USD,1,,
383097,3.70,USD,1,,
383098,3.95,USD,1,,
383099,4.35,USD,1,,
383100,4.60,USD,1,,
383101,5.00,USD,1,,
383102,5.35,USD,1,,
383103,5.95,USD,1,,
383104,6.40,USD,1,,
383105,4.95,USD,1,,
383106,6.35,USD,1,,
383107,6.40,USD,1,,
383108,5.80,USD,1,,
383109,6.10,USD,1,,
383110,5.55,USD,1,,
383111,5.05,USD,1,,
383112,4.85,USD,1,,
383113,4.40,USD,1,,
383114,3.95,USD,1,,
383115,2.95,USD,1,,
383116,3.35,USD,1,,
383117,5.55,USD,1,,
383118,5.55,USD,1,,
383119,5.55,USD,1,,
383120,5.55,USD,1,,
383121,5.65,USD,1,,
383122,5.70,USD,1,,
383123,5.85,USD,1,,
383124,5.95,USD,1,,
383125,6.10,USD,1,,
383126,11.45,USD,1,,
383127,6.90,USD,1,,
383128,7.80,USD,1,,
383129,8.10,USD,1,,
383130,6.60,USD,1,,
383131,7.40,USD,1,,
383132,6.10,USD,1,,
383133,6.45,USD,1,,
383134,12.20,USD,1,,
383135,6.85,USD,1,,
383136,5.95,USD,1,,
383137,2.40,USD,1,,
383138,2.40,USD,1,,
383139,7.10,USD,1,,
383140,2.40,USD,1,,
383141,2.40,USD,1,,
383142,2.40,USD,1,,
383143,2.55,USD,1,,
383144,2.80,USD,1,,
383145,2.80,USD,1,,
383146,2.80,USD,1,,
383147,3.40,USD,1,,
383148,3.75,USD,1,,
383149,4.15,USD,1,,
383150,4.40,USD,1,,
383151,4.80,USD,1,,
383152,5.15,USD,1,,
383153,5.75,USD,1,,
383154,6.15,USD,1,,
383155,4.75,USD,1,,
383156,6.15,USD,1,,
383157,6.20,USD,1,,
383158,5.60,USD,1,,
383159,5.90,USD,1,,
383160,5.35,USD,1,,
383161,4.85,USD,1,,
383162,4.65,USD,1,,
383163,4.20,USD,1,,
383164,3.65,USD,1,,
383165,2.65,USD,1,,
383166,3.05,USD,1,,
383167,5.35,USD,1,,
383168,5.35,USD,1,,
383169,5.35,USD,1,,
383170,5.35,USD,1,,
383171,5.40,USD,1,,
383172,5.50,USD,1,,
383173,5.70,USD,1,,
383174,5.75,USD,1,,
383175,5.90,USD,1,,
383176,11.25,USD,1,,
383177,6.70,USD,1,,
383178,7.60,USD,1,,
383179,7.90,USD,1,,
383180,6.40,USD,1,,
383181,7.20,USD,1,,
383182,5.90,USD,1,,
383183,6.20,USD,1,,
383184,11.95,USD,1,,
383185,6.60,USD,1,,
383186,5.70,USD,1,,
383187,2.40,USD,1,,
383188,2.40,USD,1,,
383189,2.40,USD,1,,
383190,7.10,USD,1,,
383191,2.40,USD,1,,
383192,2.40,USD,1,,
383193,2.40,USD,1,,
383194,2.40,USD,1,,
383195,2.40,USD,1,,
383196,2.40,USD,1,,
383197,3.00,USD,1,,
383198,3.40,USD,1,,
383199,3.90,USD,1,,
383200,4.20,USD,1,,
383201,4.55,USD,1,,
383202,4.90,USD,1,,
383203,5.50,USD,1,,
383204,5.95,USD,1,,
383205,4.55,USD,1,,
384242,4.50,USD,1,,
384243,4.50,USD,1,,
384244,4.50,USD,1,,
384245,4.50,USD,1,,
384246,4.50,USD,1,,
384247,4.70,USD,1,,
384248,4.95,USD,1,,
384249,5.30,USD,1,,
384250,5.60,USD,1,,
384251,5.95,USD,1,,
384252,6.30,USD,1,,
384253,6.90,USD,1,,
384254,7.35,USD,1,,
384255,5.95,USD,1,,
384256,7.30,USD,1,,
384257,2.40,USD,1,,
384258,2.40,USD,1,,
384259,7.25,USD,1,,
384260,2.40,USD,1,,
384261,7.10,USD,1,,
384262,2.40,USD,1,,
384263,2.40,USD,1,,
384264,2.40,USD,1,,
384265,4.30,USD,1,,
384266,4.70,USD,1,,
384267,6.75,USD,1,,
384268,6.75,USD,1,,
384269,6.75,USD,1,,
384270,6.75,USD,1,,
384271,6.80,USD,1,,
384272,6.90,USD,1,,
384273,7.05,USD,1,,
384274,7.15,USD,1,,
384275,7.30,USD,1,,
384276,12.40,USD,1,,
384277,7.85,USD,1,,
384278,8.75,USD,1,,
384279,9.05,USD,1,,
384280,4.15,USD,1,,
384281,4.90,USD,1,,
384282,7.30,USD,1,,
384283,7.65,USD,1,,
384284,13.40,USD,1,,
384285,8.05,USD,1,,
384286,6.90,USD,1,,
384287,5.10,USD,1,,
384288,4.85,USD,1,,
384289,4.65,USD,1,,
384290,4.40,USD,1,,
384291,4.35,USD,1,,
384292,4.25,USD,1,,
384293,4.25,USD,1,,
384294,4.35,USD,1,,
384295,4.35,USD,1,,
384296,4.35,USD,1,,
384297,4.50,USD,1,,
384298,4.75,USD,1,,
384299,5.10,USD,1,,
384300,5.40,USD,1,,
384301,5.75,USD,1,,
384302,6.15,USD,1,,
384303,6.75,USD,1,,
384304,7.15,USD,1,,
384305,5.75,USD,1,,
384306,7.15,USD,1,,
384307,2.40,USD,1,,
384308,2.40,USD,1,,
384309,7.10,USD,1,,
384310,2.40,USD,1,,
384311,2.40,USD,1,,
384312,7.10,USD,1,,
384313,2.40,USD,1,,
384314,2.40,USD,1,,
384315,4.00,USD,1,,
384316,4.50,USD,1,,
384317,6.55,USD,1,,
384318,6.55,USD,1,,
384319,6.55,USD,1,,
384320,6.55,USD,1,,
384321,6.60,USD,1,,
384322,6.70,USD,1,,
384323,6.85,USD,1,,
384324,6.95,USD,1,,
384325,7.10,USD,1,,
384326,12.25,USD,1,,
384327,7.70,USD,1,,
384328,8.60,USD,1,,
384329,8.90,USD,1,,
384330,4.30,USD,1,,
384331,5.10,USD,1,,
384332,6.85,USD,1,,
384333,7.20,USD,1,,
384334,12.95,USD,1,,
384335,7.60,USD,1,,
384336,6.50,USD,1,,
384337,4.65,USD,1,,
384338,4.40,USD,1,,
384339,4.20,USD,1,,
384340,3.95,USD,1,,
384341,3.85,USD,1,,
384342,3.65,USD,1,,
384343,3.55,USD,1,,
384344,3.75,USD,1,,
384345,3.75,USD,1,,
384346,3.75,USD,1,,
384347,4.05,USD,1,,
384348,4.30,USD,1,,
384349,4.70,USD,1,,
384350,4.95,USD,1,,
384351,5.30,USD,1,,
384352,5.70,USD,1,,
384353,6.30,USD,1,,
384354,6.70,USD,1,,
384355,5.30,USD,1,,
384356,6.70,USD,1,,
384357,4.55,USD,1,,
384358,3.75,USD,1,,
384359,6.65,USD,1,,
384360,2.40,USD,1,,
384361,2.40,USD,1,,
384362,2.40,USD,1,,
384363,7.10,USD,1,,
384364,2.40,USD,1,,
384365,3.30,USD,1,,
384366,4.05,USD,1,,
384367,6.10,USD,1,,
384368,6.10,USD,1,,
384369,6.10,USD,1,,
384370,6.10,USD,1,,
384371,6.20,USD,1,,
384372,6.25,USD,1,,
384373,6.45,USD,1,,
384374,6.50,USD,1,,
384375,6.65,USD,1,,
384376,11.80,USD,1,,
384377,7.25,USD,1,,
384378,8.15,USD,1,,
384379,8.45,USD,1,,
384380,4.75,USD,1,,
384381,5.55,USD,1,,
384382,6.40,USD,1,,
384383,6.70,USD,1,,
384384,12.45,USD,1,,
384385,7.15,USD,1,,
384386,6.00,USD,1,,
384387,4.15,USD,1,,
384388,3.95,USD,1,,
384389,3.65,USD,1,,
384390,3.25,USD,1,,
384391,3.10,USD,1,,
384392,2.90,USD,1,,
384393,2.40,USD,1,,
384394,3.00,USD,1,,
384395,3.00,USD,1,,
384396,3.00,USD,1,,
384397,3.40,USD,1,,
384398,3.85,USD,1,,
384399,4.20,USD,1,,
384400,4.50,USD,1,,
384401,4.85,USD,1,,
384402,5.20,USD,1,,
384403,5.80,USD,1,,
384404,6.25,USD,1,,
384405,4.85,USD,1,,
384406,6.20,USD,1,,
384407,5.05,USD,1,,
384408,4.40,USD,1,,
384409,6.15,USD,1,,
384410,2.40,USD,1,,
384411,2.40,USD,1,,
384412,2.40,USD,1,,
384413,2.40,USD,1,,
384414,7.10,USD,1,,
384415,2.40,USD,1,,
384416,3.30,USD,1,,
384417,5.60,USD,1,,
384418,5.60,USD,1,,
384419,5.60,USD,1,,
384420,5.60,USD,1,,
384421,5.70,USD,1,,
384422,5.80,USD,1,,
384423,5.95,USD,1,,
384424,6.05,USD,1,,
384425,6.20,USD,1,,
384426,11.30,USD,1,,
384427,6.75,USD,1,,
384428,7.65,USD,1,,
384429,7.95,USD,1,,
384430,5.25,USD,1,,
384431,6.00,USD,1,,
384432,5.70,USD,1,,
384433,6.05,USD,1,,
384434,11.80,USD,1,,
384435,6.45,USD,1,,
384436,5.35,USD,1,,
384437,3.35,USD,1,,
384438,2.95,USD,1,,
384439,2.65,USD,1,,
384440,2.40,USD,1,,
384441,2.40,USD,1,,
384442,2.40,USD,1,,
384443,2.40,USD,1,,
384444,2.40,USD,1,,
384445,2.40,USD,1,,
384446,2.40,USD,1,,
384447,2.45,USD,1,,
384448,2.85,USD,1,,
384449,3.40,USD,1,,
384450,3.80,USD,1,,
384451,4.20,USD,1,,
384452,4.55,USD,1,,
384453,5.20,USD,1,,
384454,5.60,USD,1,,
384455,4.20,USD,1,,
384456,5.60,USD,1,,
384457,5.70,USD,1,,
384458,5.05,USD,1,,
384459,5.50,USD,1,,
384460,4.80,USD,1,,
384461,4.30,USD,1,,
384462,4.00,USD,1,,
384463,3.30,USD,1,,
384464,2.40,USD,1,,
384465,7.10,USD,1,,
384466,2.40,USD,1,,
384467,4.80,USD,1,,
384468,4.80,USD,1,,
384469,4.80,USD,1,,
384470,4.80,USD,1,,
384471,5.00,USD,1,,
384472,5.10,USD,1,,
384473,5.25,USD,1,,
384474,5.35,USD,1,,
384475,5.50,USD,1,,
384476,10.30,USD,1,,
384477,6.15,USD,1,,
384478,7.05,USD,1,,
384479,7.35,USD,1,,
384480,5.90,USD,1,,
384481,6.70,USD,1,,
384482,5.35,USD,1,,
384483,5.65,USD,1,,
384484,11.40,USD,1,,
384485,6.05,USD,1,,
384486,5.40,USD,1,,
384487,3.75,USD,1,,
384488,3.35,USD,1,,
384489,3.05,USD,1,,
384490,2.65,USD,1,,
384491,2.50,USD,1,,
384492,2.40,USD,1,,
384493,2.40,USD,1,,
384494,2.40,USD,1,,
384495,2.40,USD,1,,
384496,2.40,USD,1,,
384497,2.40,USD,1,,
384498,2.70,USD,1,,
384499,3.30,USD,1,,
384500,3.75,USD,1,,
384501,4.20,USD,1,,
384502,4.60,USD,1,,
384503,5.20,USD,1,,
384504,5.60,USD,1,,
384505,4.20,USD,1,,
384506,5.60,USD,1,,
384507,6.10,USD,1,,
384508,5.45,USD,1,,
384509,5.10,USD,1,,
384510,5.20,USD,1,,
384511,4.70,USD,1,,
384512,4.50,USD,1,,
384513,4.05,USD,1,,
384514,3.30,USD,1,,
384515,2.40,USD,1,,
384516,7.10,USD,1,,
384517,3.95,USD,1,,
384518,3.95,USD,1,,
384519,3.95,USD,1,,
384520,3.95,USD,1,,
384521,4.30,USD,1,,
384522,4.40,USD,1,,
384523,4.70,USD,1,,
384524,4.90,USD,1,,
384525,5.15,USD,1,,
384526,10.15,USD,1,,
384527,6.15,USD,1,,
384528,7.05,USD,1,,
384529,7.35,USD,1,,
384530,6.25,USD,1,,
384531,7.05,USD,1,,
384532,4.85,USD,1,,
384533,5.35,USD,1,,
384534,11.15,USD,1,,
384535,5.80,USD,1,,
384536,7.40,USD,1,,
384537,5.80,USD,1,,
384538,5.55,USD,1,,
384539,5.35,USD,1,,
384540,5.10,USD,1,,
384541,5.00,USD,1,,
384542,4.80,USD,1,,
384543,4.50,USD,1,,
384544,4.25,USD,1,,
384545,4.25,USD,1,,
384546,4.25,USD,1,,
384547,4.80,USD,1,,
384548,5.20,USD,1,,
384549,5.60,USD,1,,
384550,5.90,USD,1,,
384551,6.25,USD,1,,
384552,6.60,USD,1,,
384553,7.20,USD,1,,
384554,7.65,USD,1,,
384555,6.25,USD,1,,
384556,7.60,USD,1,,
384557,8.10,USD,1,,
384558,7.45,USD,1,,
384559,4.50,USD,1,,
384560,7.20,USD,1,,
384561,6.75,USD,1,,
384562,6.55,USD,1,,
384563,6.10,USD,1,,
384564,5.60,USD,1,,
384565,4.80,USD,1,,
384566,3.95,USD,1,,
384567,7.10,USD,1,,
384568,2.40,USD,1,,
384569,2.40,USD,1,,
384570,2.40,USD,1,,
384571,2.40,USD,1,,
384572,2.40,USD,1,,
384573,2.40,USD,1,,
384574,2.40,USD,1,,
384575,4.05,USD,1,,
384576,12.65,USD,1,,
384577,8.15,USD,1,,
384578,9.05,USD,1,,
384579,9.35,USD,1,,
384580,8.30,USD,1,,
384581,9.10,USD,1,,
384582,4.85,USD,1,,
384583,5.35,USD,1,,
384584,11.15,USD,1,,
384585,5.80,USD,1,,
384586,7.40,USD,1,,
384587,5.80,USD,1,,
384588,5.55,USD,1,,
384589,5.35,USD,1,,
384590,5.10,USD,1,,
384591,5.00,USD,1,,
384592,4.80,USD,1,,
384593,4.50,USD,1,,
384594,4.25,USD,1,,
384595,4.25,USD,1,,
384596,4.25,USD,1,,
384597,4.80,USD,1,,
384598,5.20,USD,1,,
384599,5.60,USD,1,,
384600,5.90,USD,1,,
384601,6.25,USD,1,,
384602,6.60,USD,1,,
384603,7.20,USD,1,,
384604,7.65,USD,1,,
384605,6.25,USD,1,,
384606,7.60,USD,1,,
384607,8.10,USD,1,,
384608,7.45,USD,1,,
384609,4.50,USD,1,,
384610,7.20,USD,1,,
384611,6.75,USD,1,,
384612,6.55,USD,1,,
384613,6.10,USD,1,,
384614,5.60,USD,1,,
384615,4.80,USD,1,,
384616,3.95,USD,1,,
384617,2.40,USD,1,,
384618,7.10,USD,1,,
384619,2.40,USD,1,,
384620,2.40,USD,1,,
384621,2.40,USD,1,,
384622,2.40,USD,1,,
384623,2.40,USD,1,,
384624,2.40,USD,1,,
384625,4.05,USD,1,,
384626,12.65,USD,1,,
384627,8.15,USD,1,,
384628,9.05,USD,1,,
384629,9.35,USD,1,,
384630,8.30,USD,1,,
384631,9.10,USD,1,,
384632,4.85,USD,1,,
384633,5.35,USD,1,,
384634,11.15,USD,1,,
384635,5.80,USD,1,,
384636,7.40,USD,1,,
384637,5.80,USD,1,,
384638,5.55,USD,1,,
384639,5.35,USD,1,,
384640,5.10,USD,1,,
384641,5.00,USD,1,,
384642,4.80,USD,1,,
384643,4.50,USD,1,,
384644,4.25,USD,1,,
384645,4.25,USD,1,,
384646,4.25,USD,1,,
384647,4.80,USD,1,,
384648,5.20,USD,1,,
384649,5.60,USD,1,,
384650,5.90,USD,1,,
384651,6.25,USD,1,,
384652,6.60,USD,1,,
384653,7.20,USD,1,,
384654,7.65,USD,1,,
384655,6.25,USD,1,,
384656,7.60,USD,1,,
384657,8.10,USD,1,,
384658,7.45,USD,1,,
384659,4.50,USD,1,,
384660,7.20,USD,1,,
384661,6.75,USD,1,,
384662,6.55,USD,1,,
384663,6.10,USD,1,,
384664,5.60,USD,1,,
384665,4.80,USD,1,,
384666,3.95,USD,1,,
384667,2.40,USD,1,,
384668,2.40,USD,1,,
384669,7.10,USD,1,,
384670,2.40,USD,1,,
384671,2.40,USD,1,,
384672,2.40,USD,1,,
384673,2.40,USD,1,,
384674,2.40,USD,1,,
384675,4.05,USD,1,,
384676,12.65,USD,1,,
384677,8.15,USD,1,,
384678,9.05,USD,1,,
384679,9.35,USD,1,,
384680,8.30,USD,1,,
384681,9.10,USD,1,,
384682,4.85,USD,1,,
384683,5.35,USD,1,,
384684,11.15,USD,1,,
384685,5.80,USD,1,,
384686,7.40,USD,1,,
384687,5.80,USD,1,,
384688,5.55,USD,1,,
384689,5.35,USD,1,,
384690,5.10,USD,1,,
384691,5.00,USD,1,,
384692,4.80,USD,1,,
384693,4.50,USD,1,,
384694,4.25,USD,1,,
384695,4.25,USD,1,,
384696,4.25,USD,1,,
384697,4.80,USD,1,,
384698,5.20,USD,1,,
384699,5.60,USD,1,,
384700,5.90,USD,1,,
384701,6.25,USD,1,,
384702,6.60,USD,1,,
384703,7.20,USD,1,,
384704,7.65,USD,1,,
384705,6.25,USD,1,,
384706,7.60,USD,1,,
384707,8.10,USD,1,,
384708,7.45,USD,1,,
384709,4.50,USD,1,,
384710,7.20,USD,1,,
384711,6.75,USD,1,,
384712,6.55,USD,1,,
384713,6.10,USD,1,,
384714,5.60,USD,1,,
384715,4.80,USD,1,,
384716,3.95,USD,1,,
384717,2.40,USD,1,,
384718,2.40,USD,1,,
384719,2.40,USD,1,,
384720,7.10,USD,1,,
384721,2.40,USD,1,,
384722,2.40,USD,1,,
384723,2.40,USD,1,,
384724,2.40,USD,1,,
384725,4.05,USD,1,,
384726,12.65,USD,1,,
384727,8.15,USD,1,,
384728,9.05,USD,1,,
384729,9.35,USD,1,,
384730,8.30,USD,1,,
384731,9.10,USD,1,,
384732,4.65,USD,1,,
384733,5.15,USD,1,,
384734,11.05,USD,1,,
384735,5.70,USD,1,,
384736,7.50,USD,1,,
384737,5.90,USD,1,,
384738,5.65,USD,1,,
384739,5.40,USD,1,,
384740,5.20,USD,1,,
384741,5.15,USD,1,,
384742,5.00,USD,1,,
384743,4.75,USD,1,,
384744,4.50,USD,1,,
384745,4.50,USD,1,,
384746,4.50,USD,1,,
384747,5.05,USD,1,,
384748,5.35,USD,1,,
384749,5.70,USD,1,,
384750,6.00,USD,1,,
384751,6.35,USD,1,,
384752,6.70,USD,1,,
384753,7.30,USD,1,,
384754,7.70,USD,1,,
384755,6.30,USD,1,,
384756,7.70,USD,1,,
384757,8.20,USD,1,,
384758,7.55,USD,1,,
384759,4.30,USD,1,,
384760,7.30,USD,1,,
384761,6.80,USD,1,,
384762,6.60,USD,1,,
384763,6.20,USD,1,,
384764,5.70,USD,1,,
384765,5.00,USD,1,,
384766,4.30,USD,1,,
384767,2.40,USD,1,,
384768,2.40,USD,1,,
384769,2.40,USD,1,,
384770,2.40,USD,1,,
384771,7.10,USD,1,,
384772,2.40,USD,1,,
384773,2.40,USD,1,,
384774,2.40,USD,1,,
384775,3.80,USD,1,,
384776,12.80,USD,1,,
384777,8.25,USD,1,,
384778,9.15,USD,1,,
384779,9.45,USD,1,,
384780,8.40,USD,1,,
384781,9.20,USD,1,,
384782,4.50,USD,1,,
384783,5.00,USD,1,,
384784,10.90,USD,1,,
384785,5.65,USD,1,,
384786,7.55,USD,1,,
384787,5.95,USD,1,,
384788,5.70,USD,1,,
384789,5.50,USD,1,,
384790,5.25,USD,1,,
384791,5.20,USD,1,,
384792,5.05,USD,1,,
384793,4.85,USD,1,,
384794,4.60,USD,1,,
384795,4.60,USD,1,,
384796,4.60,USD,1,,
384797,5.15,USD,1,,
384798,5.40,USD,1,,
384799,5.75,USD,1,,
384800,6.05,USD,1,,
384801,6.40,USD,1,,
384802,6.75,USD,1,,
384803,7.35,USD,1,,
384804,7.80,USD,1,,
384805,6.40,USD,1,,
384806,7.75,USD,1,,
384807,8.25,USD,1,,
384808,7.65,USD,1,,
384809,4.15,USD,1,,
384810,7.40,USD,1,,
384811,6.90,USD,1,,
384812,6.70,USD,1,,
384813,6.25,USD,1,,
384814,5.80,USD,1,,
384815,5.10,USD,1,,
384816,4.40,USD,1,,
384817,2.40,USD,1,,
384818,2.40,USD,1,,
384819,2.40,USD,1,,
384820,2.40,USD,1,,
384821,2.40,USD,1,,
384822,7.10,USD,1,,
384823,2.40,USD,1,,
384824,2.40,USD,1,,
384825,3.80,USD,1,,
384826,12.85,USD,1,,
384827,8.30,USD,1,,
384828,9.20,USD,1,,
384829,9.50,USD,1,,
384830,8.45,USD,1,,
384831,9.25,USD,1,,
384832,4.20,USD,1,,
384833,4.70,USD,1,,
384834,10.60,USD,1,,
384835,5.35,USD,1,,
384836,7.75,USD,1,,
384837,6.10,USD,1,,
384838,5.85,USD,1,,
384839,5.70,USD,1,,
384840,5.45,USD,1,,
384841,5.35,USD,1,,
384842,5.25,USD,1,,
384843,5.10,USD,1,,
384844,4.90,USD,1,,
384845,4.90,USD,1,,
384846,4.90,USD,1,,
384847,5.30,USD,1,,
384848,5.55,USD,1,,
384849,5.95,USD,1,,
384850,6.25,USD,1,,
384851,6.55,USD,1,,
384852,6.95,USD,1,,
384853,7.55,USD,1,,
384854,7.95,USD,1,,
384855,6.60,USD,1,,
384856,7.95,USD,1,,
384857,8.45,USD,1,,
384858,7.80,USD,1,,
384859,4.00,USD,1,,
384860,7.55,USD,1,,
384861,7.05,USD,1,,
384862,6.85,USD,1,,
384863,6.45,USD,1,,
384864,5.95,USD,1,,
384865,5.25,USD,1,,
384866,4.70,USD,1,,
384867,2.40,USD,1,,
384868,2.40,USD,1,,
384869,2.40,USD,1,,
384870,2.40,USD,1,,
384871,2.40,USD,1,,
384872,2.40,USD,1,,
384873,7.10,USD,1,,
384874,2.40,USD,1,,
384875,3.80,USD,1,,
384876,13.05,USD,1,,
384877,8.50,USD,1,,
384878,9.40,USD,1,,
384879,9.70,USD,1,,
384880,8.65,USD,1,,
384881,9.45,USD,1,,
384882,4.00,USD,1,,
384883,4.55,USD,1,,
384884,10.45,USD,1,,
384885,5.15,USD,1,,
384886,7.80,USD,1,,
384887,6.20,USD,1,,
384888,5.95,USD,1,,
384889,5.75,USD,1,,
384890,5.50,USD,1,,
384891,5.45,USD,1,,
384892,5.35,USD,1,,
384893,5.20,USD,1,,
384894,5.10,USD,1,,
384895,5.10,USD,1,,
384896,5.10,USD,1,,
384897,5.40,USD,1,,
384898,5.65,USD,1,,
384899,6.05,USD,1,,
384900,6.30,USD,1,,
384901,6.65,USD,1,,
384902,7.00,USD,1,,
384903,7.65,USD,1,,
384904,8.05,USD,1,,
384905,6.65,USD,1,,
384906,8.05,USD,1,,
384907,8.55,USD,1,,
384908,7.90,USD,1,,
384909,4.00,USD,1,,
384910,7.65,USD,1,,
384911,7.15,USD,1,,
384912,6.95,USD,1,,
384913,6.50,USD,1,,
384914,6.05,USD,1,,
384915,5.35,USD,1,,
384916,4.90,USD,1,,
384917,2.40,USD,1,,
384918,2.40,USD,1,,
384919,2.40,USD,1,,
384920,2.40,USD,1,,
384921,2.40,USD,1,,
384922,2.40,USD,1,,
384923,2.40,USD,1,,
384924,7.10,USD,1,,
384925,3.80,USD,1,,
384926,13.15,USD,1,,
384927,8.60,USD,1,,
384928,9.50,USD,1,,
384929,9.80,USD,1,,
384930,8.75,USD,1,,
384931,9.50,USD,1,,
384932,4.00,USD,1,,
384933,4.00,USD,1,,
384934,10.15,USD,1,,
384935,4.90,USD,1,,
384936,8.00,USD,1,,
384937,6.40,USD,1,,
384938,6.10,USD,1,,
384939,5.90,USD,1,,
384940,5.70,USD,1,,
384941,5.60,USD,1,,
384942,5.50,USD,1,,
384943,5.35,USD,1,,
384944,5.25,USD,1,,
384945,5.25,USD,1,,
384946,5.25,USD,1,,
384947,5.60,USD,1,,
384948,5.80,USD,1,,
384949,6.15,USD,1,,
384950,6.45,USD,1,,
384951,6.80,USD,1,,
384952,7.20,USD,1,,
384953,7.80,USD,1,,
384954,8.20,USD,1,,
384955,6.80,USD,1,,
384956,8.20,USD,1,,
384957,8.70,USD,1,,
384958,8.05,USD,1,,
384959,4.00,USD,1,,
384960,7.80,USD,1,,
384961,7.30,USD,1,,
384962,7.10,USD,1,,
384963,6.65,USD,1,,
384964,6.20,USD,1,,
384965,5.50,USD,1,,
384966,5.15,USD,1,,
384967,4.05,USD,1,,
384968,4.05,USD,1,,
384969,4.05,USD,1,,
384970,4.05,USD,1,,
384971,3.80,USD,1,,
384972,3.80,USD,1,,
384973,3.80,USD,1,,
384974,3.80,USD,1,,
384975,7.10,USD,1,,
384976,13.30,USD,1,,
384977,8.75,USD,1,,
384978,9.65,USD,1,,
384979,9.95,USD,1,,
384980,8.90,USD,1,,
384981,9.70,USD,1,,
384982,13.50,USD,1,,
384983,13.80,USD,1,,
384984,19.55,USD,1,,
384985,14.20,USD,1,,
384986,12.15,USD,1,,
384987,11.70,USD,1,,
384988,11.45,USD,1,,
384989,11.25,USD,1,,
384990,10.85,USD,1,,
384991,10.70,USD,1,,
384992,10.50,USD,1,,
384993,10.25,USD,1,,
384994,9.90,USD,1,,
384995,9.90,USD,1,,
384996,9.90,USD,1,,
384997,9.90,USD,1,,
384998,7.45,USD,1,,
384999,9.90,USD,1,,
385000,9.90,USD,1,,
385001,10.65,USD,1,,
385002,11.20,USD,1,,
385003,12.00,USD,1,,
385004,12.40,USD,1,,
385005,10.65,USD,1,,
385006,12.35,USD,1,,
385007,13.80,USD,1,,
385008,13.15,USD,1,,
385009,13.25,USD,1,,
385010,12.90,USD,1,,
385011,12.40,USD,1,,
385012,12.25,USD,1,,
385013,11.80,USD,1,,
385014,11.30,USD,1,,
385015,10.30,USD,1,,
385016,10.15,USD,1,,
385017,12.65,USD,1,,
385018,12.65,USD,1,,
385019,12.65,USD,1,,
385020,12.65,USD,1,,
385021,12.80,USD,1,,
385022,12.85,USD,1,,
385023,13.05,USD,1,,
385024,13.15,USD,1,,
385025,13.30,USD,1,,
385026,7.10,USD,1,,
385027,12.95,USD,1,,
385028,13.80,USD,1,,
385029,14.15,USD,1,,
385030,14.00,USD,1,,
385031,14.80,USD,1,,
385032,8.95,USD,1,,
385033,9.25,USD,1,,
385034,15.00,USD,1,,
385035,9.65,USD,1,,
385036,6.30,USD,1,,
385037,7.15,USD,1,,
385038,6.90,USD,1,,
385039,6.70,USD,1,,
385040,6.45,USD,1,,
385041,6.40,USD,1,,
385042,6.30,USD,1,,
385043,6.15,USD,1,,
385044,6.05,USD,1,,
385045,6.05,USD,1,,
385046,6.05,USD,1,,
385047,5.70,USD,1,,
385048,5.45,USD,1,,
385049,5.10,USD,1,,
385050,4.80,USD,1,,
385051,4.45,USD,1,,
385052,2.40,USD,1,,
385053,2.40,USD,1,,
385054,2.40,USD,1,,
385055,5.15,USD,1,,
385056,6.55,USD,1,,
385057,9.25,USD,1,,
385058,8.65,USD,1,,
385059,8.70,USD,1,,
385060,8.40,USD,1,,
385061,7.85,USD,1,,
385062,7.70,USD,1,,
385063,7.25,USD,1,,
385064,6.75,USD,1,,
385065,6.15,USD,1,,
385066,6.15,USD,1,,
385067,8.15,USD,1,,
385068,8.15,USD,1,,
385069,8.15,USD,1,,
385070,8.15,USD,1,,
385071,8.25,USD,1,,
385072,8.30,USD,1,,
385073,8.50,USD,1,,
385074,8.60,USD,1,,
385075,8.75,USD,1,,
385076,12.95,USD,1,,
385077,7.10,USD,1,,
385078,2.95,USD,1,,
385079,3.45,USD,1,,
385080,9.45,USD,1,,
385081,10.25,USD,1,,
385082,9.85,USD,1,,
385083,10.15,USD,1,,
385084,15.90,USD,1,,
385085,10.55,USD,1,,
385086,7.20,USD,1,,
385087,8.05,USD,1,,
385088,7.80,USD,1,,
385089,7.60,USD,1,,
385090,7.35,USD,1,,
385091,7.30,USD,1,,
385092,7.20,USD,1,,
385093,7.05,USD,1,,
385094,6.90,USD,1,,
385095,6.90,USD,1,,
385096,6.90,USD,1,,
385097,6.60,USD,1,,
385098,6.35,USD,1,,
385099,6.00,USD,1,,
385100,5.70,USD,1,,
385101,5.35,USD,1,,
385102,5.00,USD,1,,
385103,4.40,USD,1,,
385104,3.80,USD,1,,
385105,6.05,USD,1,,
385106,7.40,USD,1,,
385107,10.15,USD,1,,
385108,9.50,USD,1,,
385109,9.60,USD,1,,
385110,9.25,USD,1,,
385111,8.75,USD,1,,
385112,8.60,USD,1,,
385113,8.15,USD,1,,
385114,7.65,USD,1,,
385115,7.05,USD,1,,
385116,7.05,USD,1,,
385117,9.05,USD,1,,
385118,9.05,USD,1,,
385119,9.05,USD,1,,
385120,9.05,USD,1,,
385121,9.15,USD,1,,
385122,9.20,USD,1,,
385123,9.40,USD,1,,
385124,9.50,USD,1,,
385125,9.65,USD,1,,
385126,13.80,USD,1,,
385127,2.95,USD,1,,
385128,7.10,USD,1,,
385129,2.40,USD,1,,
385130,10.35,USD,1,,
385131,11.15,USD,1,,
385132,10.15,USD,1,,
385133,10.45,USD,1,,
385134,16.20,USD,1,,
385135,10.85,USD,1,,
385136,7.50,USD,1,,
385137,8.35,USD,1,,
385138,8.10,USD,1,,
385139,7.90,USD,1,,
385140,7.65,USD,1,,
385141,7.60,USD,1,,
385142,7.50,USD,1,,
385143,7.35,USD,1,,
385144,7.25,USD,1,,
385145,7.25,USD,1,,
385146,7.25,USD,1,,
385147,6.90,USD,1,,
385148,6.65,USD,1,,
385149,6.30,USD,1,,
385150,6.00,USD,1,,
385151,5.65,USD,1,,
385152,5.30,USD,1,,
385153,4.70,USD,1,,
385154,4.25,USD,1,,
385155,6.35,USD,1,,
385156,7.70,USD,1,,
385157,10.45,USD,1,,
385158,9.85,USD,1,,
385159,9.90,USD,1,,
385160,9.60,USD,1,,
385161,9.05,USD,1,,
385162,8.90,USD,1,,
385163,8.45,USD,1,,
385164,7.95,USD,1,,
385165,7.35,USD,1,,
385166,7.35,USD,1,,
385167,9.35,USD,1,,
385168,9.35,USD,1,,
385169,9.35,USD,1,,
385170,9.35,USD,1,,
385171,9.45,USD,1,,
385172,9.50,USD,1,,
385173,9.70,USD,1,,
385174,9.80,USD,1,,
385175,9.95,USD,1,,
385176,14.15,USD,1,,
385177,3.45,USD,1,,
385178,2.40,USD,1,,
385179,7.10,USD,1,,
385180,10.65,USD,1,,
385181,11.45,USD,1,,
385182,9.10,USD,1,,
385183,9.40,USD,1,,
385184,15.15,USD,1,,
385185,9.80,USD,1,,
385186,8.70,USD,1,,
385187,6.85,USD,1,,
385188,6.60,USD,1,,
385189,6.40,USD,1,,
385190,6.20,USD,1,,
385191,6.10,USD,1,,
385192,6.05,USD,1,,
385193,6.05,USD,1,,
385194,6.10,USD,1,,
385195,6.10,USD,1,,
385196,6.10,USD,1,,
385197,6.30,USD,1,,
385198,6.55,USD,1,,
385199,6.90,USD,1,,
385200,7.20,USD,1,,
385201,7.55,USD,1,,
385202,7.90,USD,1,,
385203,8.50,USD,1,,
385204,8.95,USD,1,,
385205,7.55,USD,1,,
385206,8.90,USD,1,,
385207,2.40,USD,1,,
385208,2.40,USD,1,,
385209,8.85,USD,1,,
385210,2.40,USD,1,,
385211,4.15,USD,1,,
385212,4.30,USD,1,,
385213,4.75,USD,1,,
385214,5.25,USD,1,,
385215,5.90,USD,1,,
385216,6.25,USD,1,,
385217,8.30,USD,1,,
385218,8.30,USD,1,,
385219,8.30,USD,1,,
385220,8.30,USD,1,,
385221,8.40,USD,1,,
385222,8.45,USD,1,,
385223,8.65,USD,1,,
385224,8.75,USD,1,,
385225,8.90,USD,1,,
385226,14.00,USD,1,,
385227,9.45,USD,1,,
385228,10.35,USD,1,,
385229,10.65,USD,1,,
385230,7.10,USD,1,,
385231,2.40,USD,1,,
385232,9.90,USD,1,,
385233,10.20,USD,1,,
385234,15.95,USD,1,,
385235,10.60,USD,1,,
385236,9.50,USD,1,,
385237,7.65,USD,1,,
385238,7.40,USD,1,,
385239,7.20,USD,1,,
385240,6.95,USD,1,,
385241,6.90,USD,1,,
385242,6.85,USD,1,,
385243,6.85,USD,1,,
385244,6.90,USD,1,,
385245,6.90,USD,1,,
385246,6.90,USD,1,,
385247,7.10,USD,1,,
385248,7.30,USD,1,,
385249,7.70,USD,1,,
385250,7.95,USD,1,,
385251,8.30,USD,1,,
385252,8.70,USD,1,,
385253,9.30,USD,1,,
385254,9.70,USD,1,,
385255,8.30,USD,1,,
385256,9.70,USD,1,,
385257,2.40,USD,1,,
385258,4.20,USD,1,,
385259,9.65,USD,1,,
385260,4.40,USD,1,,
385261,4.90,USD,1,,
385262,5.10,USD,1,,
385263,5.55,USD,1,,
385264,6.00,USD,1,,
385265,6.70,USD,1,,
385266,7.05,USD,1,,
385267,9.10,USD,1,,
385268,9.10,USD,1,,
385269,9.10,USD,1,,
385270,9.10,USD,1,,
385271,9.20,USD,1,,
385272,9.25,USD,1,,
385273,9.45,USD,1,,
385274,9.50,USD,1,,
385275,9.70,USD,1,,
385276,14.80,USD,1,,
385277,10.25,USD,1,,
385278,11.15,USD,1,,
385279,11.45,USD,1,,
385280,2.40,USD,1,,
385281,7.10,USD,1,,